-0 -0 0 0 
-0 -0 0 0 
-0 -0 0 0 
-0 -0 0 0 
-0 -0 0 0 
-0 -0 0 0 
-0 -0 0 0 
-0 -0 0 0 
-0 -0 0 0 
-0 -0 0 0 
-0 -0 0 0 
-0 -0 0 0 
-0 -0 0 0 
-0 -0 0 0 
-0 -0 0 0 
-0 -0 0 0 
-0 -0 0 0 
-0 -0 0 0 
-0 -0 0 0 
-0 -0 0 0 
-0 -0 0 0 
-0 -0 0 0 
-0 -0 0 0 
-0 -0 0 0 
-0 -0 0 0 
-0 -0 0 0 
-0 -0 0 0 
-0 -0 0 0 
-0 0.00297348 0 0 
-0 0.00297348 0 0 
0.00594697 0.00297348 0.00892045 0.00594697 
0.0356818 0.0356818 0.0475758 0.0356818 
0.0832576 0.0802841 0.0773106 0.0773106 
0.133807 0.130833 0.13678 0.13678 
0.208144 0.208144 0.199223 0.19625 
0.294375 0.291402 0.291402 0.303295 
0.374659 0.377633 0.365739 0.362765 
0.437102 0.431155 0.431155 0.431155 
0.487652 0.499545 0.478731 0.484678 
0.514413 0.511439 0.508466 0.517386 
0.541174 0.547121 0.544148 0.541174 
0.570909 0.573883 0.567936 0.559015 
0.58875 0.594697 0.585777 0.591724 
0.609564 0.606591 0.600644 0.609564 
0.609564 0.609564 0.606591 0.59767 
0.633352 0.636326 0.615511 0.633352 
0.624432 0.618485 0.618485 0.624432 
0.618485 0.624432 0.618485 0.612538 
0.633352 0.639299 0.636326 0.636326 
0.615511 0.621458 0.621458 0.618485 
0.618485 0.618485 0.612538 0.612538 
0.64822 0.642273 0.630379 0.645246 
0.609564 0.615511 0.612538 0.615511 
0.615511 0.618485 0.618485 0.612538 
0.615511 0.621458 0.612538 0.612538 
0.609564 0.612538 0.612538 0.606591 
0.615511 0.612538 0.606591 0.615511 
0.621458 0.624432 0.615511 0.618485 
0.594697 0.600644 0.591724 0.603617 
0.603617 0.606591 0.612538 0.612538 
0.594697 0.59767 0.591724 0.582803 
0.612538 0.609564 0.606591 0.606591 
0.600644 0.606591 0.609564 0.612538 
0.606591 0.594697 0.594697 0.591724 
0.624432 0.624432 0.606591 0.621458 
0.591724 0.58875 0.594697 0.59767 
0.59767 0.594697 0.600644 0.591724 
0.59767 0.603617 0.59767 0.594697 
0.58875 0.58875 0.585777 0.58875 
0.591724 0.594697 0.58875 0.594697 
0.609564 0.603617 0.59767 0.606591 
0.58875 0.594697 0.57983 0.58875 
0.600644 0.600644 0.606591 0.606591 
0.600644 0.603617 0.600644 0.594697 
0.603617 0.606591 0.603617 0.603617 
0.59767 0.600644 0.603617 0.603617 
0.58875 0.58875 0.585777 0.582803 
0.612538 0.612538 0.600644 0.609564 
0.585777 0.585777 0.58875 0.591724 
0.585777 0.58875 0.585777 0.582803 
0.585777 0.594697 0.594697 0.585777 
0.58875 0.58875 0.585777 0.582803 
0.59767 0.594697 0.591724 0.59767 
0.59767 0.591724 0.585777 0.591724 
0.600644 0.603617 0.58875 0.600644 
0.606591 0.606591 0.609564 0.612538 
0.609564 0.609564 0.609564 0.603617 
0.618485 0.615511 0.615511 0.612538 
0.609564 0.612538 0.612538 0.612538 
0.603617 0.600644 0.600644 0.600644 
0.627405 0.630379 0.618485 0.627405 
0.585777 0.58875 0.58875 0.591724 
0.59767 0.59767 0.59767 0.591724 
0.58875 0.591724 0.58875 0.585777 
0.59767 0.59767 0.59767 0.594697 
0.600644 0.603617 0.594697 0.603617 
0.600644 0.606591 0.600644 0.600644 
0.609564 0.59767 0.585777 0.603617 
0.59767 0.59767 0.59767 0.606591 
0.591724 0.594697 0.58875 0.582803 
0.59767 0.600644 0.594697 0.591724 
0.585777 0.585777 0.58875 0.58875 
0.600644 0.59767 0.58875 0.59767 
0.621458 0.624432 0.618485 0.624432 
0.59767 0.59767 0.594697 0.594697 
0.603617 0.603617 0.606591 0.612538 
0.603617 0.606591 0.606591 0.59767 
0.600644 0.59767 0.606591 0.603617 
0.603617 0.609564 0.609564 0.618485 
0.59767 0.594697 0.59767 0.594697 
0.59767 0.606591 0.594697 0.603617 
0.600644 0.600644 0.600644 0.600644 
0.59767 0.59767 0.58875 0.585777 
0.603617 0.606591 0.606591 0.600644 
0.600644 0.59767 0.594697 0.600644 
0.603617 0.600644 0.594697 0.600644 
0.630379 0.624432 0.624432 0.633352 
0.585777 0.58875 0.591724 0.594697 
0.600644 0.603617 0.59767 0.59767 
0.57983 0.58875 0.582803 0.57983 
0.594697 0.594697 0.600644 0.591724 
0.59767 0.603617 0.600644 0.606591 
0.609564 0.606591 0.606591 0.603617 
0.621458 0.621458 0.612538 0.624432 
0.618485 0.618485 0.621458 0.627405 
0.609564 0.612538 0.606591 0.603617 
0.609564 0.612538 0.609564 0.606591 
0.594697 0.594697 0.600644 0.59767 
0.59767 0.594697 0.58875 0.594697 
0.621458 0.621458 0.615511 0.618485 
0.570909 0.576856 0.57983 0.582803 
0.594697 0.59767 0.594697 0.594697 
0.591724 0.59767 0.591724 0.58875 
0.600644 0.600644 0.603617 0.59767 
0.603617 0.603617 0.603617 0.612538 
0.58875 0.59767 0.591724 0.58875 
0.618485 0.606591 0.600644 0.615511 
0.612538 0.612538 0.612538 0.612538 
0.603617 0.609564 0.606591 0.600644 
0.609564 0.609564 0.612538 0.612538 
0.603617 0.606591 0.606591 0.609564 
0.59767 0.59767 0.591724 0.59767 
0.627405 0.627405 0.621458 0.627405 
0.582803 0.585777 0.57983 0.585777 
0.59767 0.59767 0.594697 0.59767 
0.594697 0.59767 0.59767 0.591724 
0.591724 0.591724 0.600644 0.58875 
0.594697 0.600644 0.59767 0.603617 
0.585777 0.58875 0.585777 0.582803 
0.606591 0.606591 0.58875 0.606591 
0.58875 0.58875 0.58875 0.591724 
0.594697 0.59767 0.58875 0.58875 
0.594697 0.59767 0.600644 0.603617 
0.603617 0.603617 0.609564 0.603617 
0.603617 0.603617 0.591724 0.59767 
0.612538 0.618485 0.609564 0.618485 
0.585777 0.582803 0.57983 0.585777 
0.59767 0.600644 0.600644 0.600644 
0.58875 0.594697 0.585777 0.585777 
0.59767 0.594697 0.603617 0.59767 
0.603617 0.600644 0.600644 0.609564 
0.600644 0.603617 0.594697 0.594697 
0.612538 0.615511 0.606591 0.618485 
0.606591 0.606591 0.612538 0.612538 
0.603617 0.606591 0.594697 0.59767 
0.59767 0.606591 0.606591 0.600644 
0.603617 0.600644 0.606591 0.606591 
0.594697 0.600644 0.59767 0.59767 
0.618485 0.615511 0.609564 0.618485 
0.58875 0.591724 0.58875 0.59767 
0.600644 0.600644 0.59767 0.600644 
0.600644 0.600644 0.59767 0.59767 
0.59767 0.594697 0.600644 0.594697 
0.603617 0.609564 0.612538 0.615511 
0.58875 0.591724 0.58875 0.591724 
0.618485 0.615511 0.609564 0.618485 
0.59767 0.59767 0.59767 0.603617 
0.582803 0.582803 0.57983 0.582803 
0.538201 0.532254 0.556042 0.541174 
0.46089 0.46089 0.469811 0.463864 
0.38358 0.38358 0.38358 0.395473 
0.273561 0.276534 0.282481 0.282481 
0.18733 0.184356 0.178409 0.184356 
0.0951515 0.0951515 0.101098 0.098125 
0.0446023 0.0475758 0.0416288 0.0386553 
0.0118939 0.0267614 0 0.0178409 
-0 -0.00297348 0 0 
-0 -0 0 0 
-0 -0 0 0 
-0 -0 0 0 
-0 -0 0 0 
-0 -0 0 0 
-0 -0 0 0 
-0 -0 0 0 
-0 -0 0 0 
-0 -0 0 0 
-0 -0 0 0 
-0 -0 0 0 
-0 -0 0 0 
-0 -0 0 0 
-0 -0 0 0 
-0 -0 0 0 
-0 -0 0 0 
-0 -0 0 0 
-0 -0 0 0 
-0 -0 0 0 
-0 0.00297348 0.00297348 0 
-0 0.00297348 0.0267614 0 
0.00297348 -0 0 0 
-0 0.00594697 0.00297348 0 
-0 -0 0 0 
0.00594697 0.00297348 0.00594697 0.00594697 
0.0118939 0.00594697 0 0.0178409 
-0.0327083 0.00297348 -0.0148674 -0.00297348 
-0.148674 -0 -0.12786 0 
-0.0416288 -0 -0.092178 0 
0.0535227 -0 0.0475758 0.00297348 
0.0594697 -0 0.107045 0 
0.00594697 -0 0.0892045 0 
-0.00297348 -0 0.0148674 0 
-0 -0 0 0 
-0 -0 0 0 
-0 -0 0 0 
-0 -0 0 0 
-0 -0 0 0 
-0 -0 0 0 
-0 -0 0 0 
-0 -0 0 0 
-0 -0 0 0 
-0 -0 0 0 
-0 -0 0 0 
-0 -0 0 0 
-0 -0 0 0 
-0 -0 0 0 
-0 -0 0 0 
-0 -0 0 0 
-0 -0 0 0 
-0 -0 0 0 
-0 -0 0 0 
-0 -0 0 0 
-0 -0 0 0 
-0 -0 0 0 
-0 -0 0 0 
-0 -0 0 0 
-0 -0 0 0 
-0 -0 0 0 
-0 -0 0 0 
-0 -0 0 0 
-0 -0 0 0 
-0 -0 0 0 
-0 -0 0 0 
-0 -0 0.00297348 0 
-0 -0 0 0 
-0 -0 0 0 
-0 -0 0 0 
-0 -0 0 0 
