-0.0025 0 0 0 
-0.005 0 0 0 
-0.0075 0 0 0 
-0.01 0 0 0 
-0.0125 0 0 0 
-0.015 0 0 0 
-0.0175 0 0 0 
-0.02 0 0 0 
-0.0225 0 0 0 
-0.025 0 0 0 
-0.0275 0 0 0 
-0.03 0 0 0 
-0.0325 0 0 0 
-0.035 0 0 0 
-0.0375 0 0 0 
-0.04 0 0 0 
-0.0463975 0 0 0.2127 
-0.0527728 0 0 0.2117 
-0.0580706 0 0 0.2137 
-0.0634339 0 0 0.2187 
-0.0687972 0 0 0.2187 
-0.0741605 0 0 0.2187 
-0.0795237 0 0 0.2187 
-0.0849132 0 0 0.2207 
-0.0903288 0 0 0.2227 
-0.0957707 0 0 0.2247 
-0.101239 0 0 0.2267 
-0.106733 0 0 0.2287 
-0.112227 0 0 0.2287 
-0.117734 0 0 0.2297 
-0.123281 0 0 0.2327 
-0.128841 0 0 0.2337 
-0.134387 0 0 0.2327 
-0.139973 0 0 0.2357 
-0.145611 0 0 0.2397 
-0.15125 0 0 0.2397 
-0.156953 0 0 0.2447 
-0.162723 0 0 0.2497 
-0.168479 0 0 0.2487 
-0.174208 0 0 0.2467 
-0.179991 0 0 0.2507 
-0.185799 0 0 0.2527 
-0.191621 0 0 0.2537 
-0.197495 0 0 0.2577 
-0.203382 0 0 0.2587 
-0.209295 0 0 0.2607 
-0.215221 0 0 0.2617 
0.344779 0 30 0.2637 
0.904779 0 30 0.2637 
1.18478 0 30 0.2637 
1.46478 0 30 0.2657 
1.74478 0 30 0.2647 
2.02478 0 30 0.2657 
2.30478 0 30 0.2657 
2.58478 0 30 0.2687 
2.86478 0 30 0.2677 
3.14478 0 30 0.3547 
3.42478 0 30 0.3877 
3.70478 0 30 0.5627 
3.98478 0 30 0.6127 
4.26478 0 30 0.6277 
4.54478 0 30 0.7087 
4.82478 0 30 0.8657 
4.93151 0 30 1.4037 
5.04515 0 30 1.5077 
5.32515 0 30 1.6837 
5.60515 0 30 1.7057 
5.88515 0 30 1.8137 
5.89448 0 30 2.8237 
5.89448 0 30 4.1717 
5.89448 0 30 5.6137 
5.89448 0 30 7.2707 
5.88171 0 30 9.9497 
5.81102 0 30 14.2827 
5.67047 0 30 19.4887 
5.43885 0 30 26.2397 
5.08044 0 30 35.7837 
4.55607 0 30 48.3327 
3.99412 0 30 62.5487 
3.32912 0 30 77.2567 
2.66412 0 30 93.4627 
1.99912 0 30 109.381 
1.33412 0 30 124.863 
0.669124 0 30 140.175 
0.00412358 0 30 155.836 
-0.660876 0 30 170.934 
-1.32588 0 30 185.085 
-1.99088 0 30 198.637 
-2.65588 0 30 208.948 
-1.99088 0 30 215.432 
-1.32588 0 30 219.07 
-1.04588 0 30 220.933 
-0.765876 0 30 222.145 
-0.485876 0 30 222.516 
0.0741236 0 30 222.559 
0.634124 0 30 222.583 
1.19412 0 30 222.593 
1.75412 0 30 222.612 
2.31412 0 30 222.636 
2.87412 0 30 222.773 
3.43412 0 30 222.851 
3.99412 0 30 222.887 
4.55412 0 30 222.91 
5.11412 0 30 222.925 
5.67412 0 30 222.961 
6.23412 0 30 222.992 
6.79412 0 30 223.036 
7 0 30 223.551 
7 0 30 224.189 
7 0 30 225.724 
7 0 30 230.735 
7 0 30 238.937 
7 0 30 250.104 
7 0 30 261.443 
7 0 30 277.584 
7 0 30 293.609 
7 0 30 312.363 
7 0 30 331.08 
7 0 30 350.767 
6.97297 0 30 11.0177 
6.65811 0 30 32.4697 
6.09811 0 30 53.8427 
5.43311 0 30 74.3867 
4.76811 0 30 93.6937 
4.10311 0 30 111.624 
3.43811 0 30 131.06 
2.77311 0 30 151.533 
2.10811 0 30 172.263 
1.44311 0 30 191.682 
0.778107 0 30 209.057 
1.44311 0 30 225.448 
2.10811 0 30 240.611 
2.38811 0 30 254.712 
2.66811 0 30 269.142 
2.94811 0 30 282.293 
3.22811 0 30 295.208 
3.50811 0 30 306.861 
3.78811 0 30 318.627 
4.06811 0 30 331.034 
4.34811 0 30 343.908 
4.42184 0 30 356.198 
4.41696 0 30 9.3577 
4.22468 0 30 23.3277 
3.84001 0 30 37.7787 
3.28714 0 30 50.4737 
2.72714 0 30 62.4577 
2.06214 0 30 74.1607 
1.39714 0 30 85.2527 
0.732138 0 30 97.0027 
0.067138 0 30 108.723 
-0.597862 0 30 119.68 
-1.26286 0 30 130.151 
-1.92786 0 30 140.836 
-2.59286 0 30 149.975 
-3.25786 0 30 156.353 
-3.92286 0 30 160.832 
-4.58786 0 30 163.216 
-5.25286 0 30 163.691 
-5.81286 0 30 163.699 
-6.37286 0 30 163.705 
-6.93286 0 30 163.69 
-7 0 30 163.651 
-7 0 30 163.416 
-7 0 30 163.023 
-7 0 30 162.957 
-7 0 30 162.987 
-7 0 30 162.954 
-7 0 30 162.661 
-7 0 30 162.25 
-7 0 30 162.06 
-7 0 30 161.682 
-7 0 30 161.242 
-7 0 30 160.852 
-7 0 30 160.593 
-7 0 30 159.574 
-7 0 30 157.31 
-7 0 30 153.885 
-7 0 30 149.25 
-7 0 30 142.988 
-7 0 30 134.891 
-7 0 30 124.295 
-7 0 30 111.269 
-7 0 30 97.3147 
-7 0 30 83.3707 
-7 0 30 69.7057 
-7 0 30 55.9087 
-6.87106 0 30 41.2937 
-6.54553 0 30 26.4497 
-5.99841 0 30 9.9577 
-5.35859 0 30 351.895 
-4.69359 0 30 333.803 
-4.02859 0 30 315.14 
-3.36359 0 30 296.621 
-2.69859 0 30 278.463 
-2.03359 0 30 260.264 
-1.36859 0 30 242.377 
-0.703586 0 30 224.853 
-1.36859 0 30 209.077 
-2.03359 0 30 194.429 
-2.31359 0 30 180.429 
-2.59359 0 30 165.661 
-2.87359 0 30 151.025 
-3.15359 0 30 136.313 
-3.43359 0 30 122.742 
-3.71359 0 30 110.098 
-3.99359 0 30 96.4827 
-4.27359 0 30 83.9207 
-4.54785 0 30 71.5967 
-4.54785 0 30 60.4147 
-4.51427 0 30 48.4867 
-4.30098 0 30 34.8947 
-3.8934 0 30 20.3707 
-3.3334 0 30 5.7437 
-2.69442 0 30 351.996 
-2.02942 0 30 338.356 
-1.36442 0 30 324.232 
-0.699421 0 30 310.275 
-0.0344211 0 30 297.138 
0.630579 0 30 285.637 
1.29558 0 30 274.724 
1.96058 0 30 265.268 
2.62558 0 30 257.193 
3.29058 0 30 251.482 
3.95558 0 30 248.346 
4.62058 0 30 247.645 
5.25669 0 30 247.635 
5.81669 0 30 247.635 
6.37669 0 30 247.653 
6.93669 0 30 247.765 
7 0 30 248.082 
7 0 30 248.583 
7 0 30 248.878 
7 0 30 248.921 
7 0 30 249.093 
7 0 30 249.351 
7 0 30 249.682 
7 0 30 250.119 
7 0 30 250.216 
7 0 30 250.064 
7 0 30 250.062 
7 0 30 250.072 
7 0 30 250.067 
7 0 30 250.076 
7 0 30 250.082 
7 0 30 250.086 
7 0 30 250.089 
7 0 30 250.095 
7 0 30 250.1 
7 0 30 250.104 
7 0 30 250.11 
7 0 30 250.115 
7 0 30 250.117 
7 0 30 250.121 
7 0 30 250.124 
7 0 30 250.128 
7 0 30 250.133 
7 0 30 250.136 
7 0 30 250.139 
7 0 30 250.145 
7 0 30 250.153 
7 0 30 250.155 
7 0 30 250.157 
7 0 30 250.159 
7 0 30 250.162 
7 0 30 250.164 
7 0 30 250.168 
7 0 30 250.17 
7 0 30 250.173 
7 0 30 250.179 
7 0 30 250.188 
7 0 30 250.189 
7 0 30 250.189 
7 0 30 250.193 
7 0 30 250.199 
7 0 30 250.206 
7 0 30 250.207 
7 0 30 250.204 
7 0 30 250.21 
7 0 30 250.215 
7 0 30 250.214 
7 0 30 250.213 
7 0 30 250.218 
7 0 30 250.222 
7 0 30 250.226 
7 0 30 250.227 
7 0 30 250.23 
7 0 30 250.235 
7 0 30 250.241 
7 0 30 250.245 
7 0 30 250.248 
7 0 30 250.253 
7 0 30 250.259 
7 0 30 250.263 
7 0 30 250.266 
7 0 30 250.271 
7 0 30 250.27 
7 0 30 250.272 
7 0 30 250.274 
7 0 30 250.277 
7 0 30 250.281 
7 0 30 250.282 
7 0 30 250.286 
7 0 30 250.286 
7 0 30 250.291 
7 0 30 250.292 
7 0 30 250.294 
7 0 30 250.297 
7 0 30 250.302 
7 0 30 250.306 
7 0 30 250.31 
7 0 30 250.309 
7 0 30 250.314 
7 0 30 250.316 
7 0 30 250.319 
7 0 30 250.318 
7 0 30 250.324 
7 0 30 250.324 
7 0 30 250.325 
7 0 30 250.33 
7 0 30 250.336 
7 0 30 250.337 
7 0 30 250.338 
7 0 30 250.343 
7 0 30 250.345 
7 0 30 250.348 
7 0 30 250.35 
7 0 30 250.355 
7 0 30 250.359 
7 0 30 250.363 
7 0 30 250.366 
7 0 30 250.369 
7 0 30 250.37 
7 0 30 250.375 
7 0 30 250.378 
7 0 30 250.379 
7 0 30 250.38 
7 0 30 250.381 
7 0 30 250.387 
7 0 30 250.393 
7 0 30 250.397 
7 0 30 250.399 
7 0 30 250.399 
7 0 30 250.407 
7 0 30 250.404 
7 0 30 250.406 
7 0 30 250.407 
7 0 30 250.409 
7 0 30 250.413 
7 0 30 250.422 
7 0 30 250.425 
7 0 30 250.427 
7 0 30 250.428 
7 0 30 250.432 
7 0 30 250.433 
7 0 30 250.439 
7 0 30 250.444 
7 0 30 250.45 
7 0 30 250.453 
7 0 30 250.457 
7 0 30 250.463 
7 0 30 250.468 
7 0 30 250.474 
7 0 30 250.485 
7 0 30 250.488 
7 0 30 250.49 
7 0 30 250.493 
7 0 30 250.497 
7 0 30 250.5 
7 0 30 250.505 
7 0 30 250.509 
7 0 30 250.513 
7 0 30 250.518 
7 0 30 250.524 
7 0 30 250.525 
7 0 30 250.527 
7 0 30 250.532 
7 0 30 250.535 
7 0 30 250.537 
7 0 30 250.543 
7 0 30 250.546 
7 0 30 250.548 
7 0 30 250.549 
7 0 30 250.557 
7 0 30 250.559 
7 0 30 250.565 
7 0 30 250.569 
7 0 30 250.569 
7 0 30 250.574 
7 0 30 250.576 
7 0 30 250.58 
7 0 30 250.587 
7 0 30 250.59 
7 0 30 250.596 
7 0 30 250.598 
7 0 30 250.603 
7 0 30 250.607 
7 0 30 250.608 
7 0 30 250.612 
7 0 30 250.614 
7 0 30 250.62 
7 0 30 250.623 
7 0 30 250.624 
7 0 30 250.629 
7 0 30 250.633 
7 0 30 250.636 
7 0 30 250.64 
7 0 30 250.643 
7 0 30 250.646 
7 0 30 250.644 
7 0 30 250.645 
7 0 30 250.651 
7 0 30 250.659 
7 0 30 250.66 
7 0 30 250.665 
7 0 30 250.671 
7 0 30 250.674 
7 0 30 250.68 
7 0 30 250.686 
7 0 30 250.689 
7 0 30 250.689 
7 0 30 250.693 
7 0 30 250.696 
7 0 30 250.702 
7 0 30 250.705 
7 0 30 250.71 
7 0 30 250.716 
7 0 30 250.718 
7 0 30 250.719 
7 0 30 250.719 
7 0 30 250.724 
7 0 30 250.729 
7 0 30 250.73 
7 0 30 250.733 
7 0 30 250.738 
7 0 30 250.737 
7 0 30 250.743 
7 0 30 250.739 
7 0 30 250.743 
7 0 30 250.743 
7 0 30 250.745 
7 0 30 250.747 
7 0 30 250.749 
7 0 30 250.751 
7 0 30 250.754 
7 0 30 250.755 
7 0 30 250.758 
7 0 30 250.763 
7 0 30 250.763 
7 0 30 250.768 
7 0 30 250.77 
7 0 30 250.775 
7 0 30 250.776 
7 0 30 250.78 
7 0 30 250.78 
7 0 30 250.789 
7 0 30 250.792 
7 0 30 250.794 
7 0 30 250.797 
7 0 30 250.798 
7 0 30 250.796 
7 0 30 250.797 
7 0 30 250.803 
7 0 30 250.806 
7 0 30 250.81 
7 0 30 250.812 
7 0 30 250.816 
7 0 30 250.817 
7 0 30 250.823 
7 0 30 250.822 
7 0 30 250.823 
7 0 30 250.827 
7 0 30 250.826 
7 0 30 250.832 
7 0 30 250.835 
7 0 30 250.835 
7 0 30 250.838 
7 0 30 250.841 
7 0 30 250.843 
7 0 30 250.843 
7 0 30 250.848 
7 0 30 250.849 
7 0 30 250.854 
7 0 30 250.855 
7 0 30 250.858 
7 0 30 250.862 
7 0 30 250.865 
7 0 30 250.866 
7 0 30 250.87 
7 0 30 250.87 
7 0 30 250.871 
7 0 30 250.872 
7 0 30 250.872 
7 0 30 250.874 
7 0 30 250.876 
7 0 30 250.874 
7 0 30 250.882 
7 0 30 250.879 
7 0 30 250.881 
7 0 30 250.88 
7 0 30 250.883 
7 0 30 250.887 
7 0 30 250.889 
7 0 30 250.888 
7 0 30 250.892 
7 0 30 250.896 
7 0 30 250.895 
7 0 30 250.897 
7 0 30 250.897 
7 0 30 250.893 
7 0 30 250.895 
7 0 30 250.895 
7 0 30 250.898 
7 0 30 250.898 
7 0 30 250.899 
7 0 30 250.902 
7 0 30 250.904 
7 0 30 250.906 
7 0 30 250.907 
7 0 30 250.91 
7 0 30 250.915 
7 0 30 250.919 
7 0 30 250.921 
7 0 30 250.924 
7 0 30 250.924 
7 0 30 250.931 
7 0 30 250.93 
7 0 30 250.933 
7 0 30 250.936 
7 0 30 250.939 
7 0 30 250.943 
7 0 30 250.946 
7 0 30 250.948 
7 0 30 250.95 
7 0 30 250.954 
7 0 30 250.955 
7 0 30 250.957 
7 0 30 250.96 
7 0 30 250.959 
7 0 30 250.965 
7 0 30 250.967 
7 0 30 250.969 
7 0 30 250.971 
7 0 30 250.971 
7 0 30 250.969 
7 0 30 250.972 
7 0 30 250.972 
7 0 30 250.974 
7 0 30 250.971 
7 0 30 250.969 
7 0 30 250.97 
7 0 30 250.972 
7 0 30 250.975 
7 0 30 250.978 
7 0 30 250.98 
7 0 30 250.983 
7 0 30 250.985 
7 0 30 250.983 
7 0 30 250.987 
7 0 30 250.984 
7 0 30 250.985 
7 0 30 250.985 
7 0 30 250.99 
7 0 30 250.987 
7 0 30 250.988 
7 0 30 250.991 
7 0 30 250.997 
7 0 30 250.995 
7 0 30 250.996 
7 0 30 250.995 
7 0 30 250.997 
7 0 30 251 
7 0 30 251.006 
7 0 30 251.012 
7 0 30 251.013 
7 0 30 251.014 
7 0 30 251.014 
7 0 30 251.018 
7 0 30 251.018 
7 0 30 251.017 
7 0 30 251.018 
7 0 30 251.019 
7 0 30 251.018 
7 0 30 251.017 
7 0 30 251.016 
7 0 30 251.018 
7 0 30 251.017 
7 0 30 251.019 
7 0 30 251.022 
7 0 30 251.022 
7 0 30 251.024 
7 0 30 251.026 
7 0 30 251.034 
7 0 30 251.037 
7 0 30 251.038 
7 0 30 251.04 
7 0 30 251.046 
7 0 30 251.049 
7 0 30 251.052 
7 0 30 251.054 
7 0 30 251.053 
7 0 30 251.055 
7 0 30 251.055 
7 0 30 251.06 
7 0 30 251.056 
7 0 30 251.058 
7 0 30 251.064 
7 0 30 251.068 
7 0 30 251.066 
7 0 30 251.068 
7 0 30 251.066 
7 0 30 251.065 
7 0 30 251.067 
7 0 30 251.067 
7 0 30 251.071 
7 0 30 251.072 
7 0 30 251.073 
7 0 30 251.078 
7 0 30 251.084 
7 0 30 251.087 
7 0 30 251.089 
7 0 30 251.091 
7 0 30 251.091 
7 0 30 251.092 
7 0 30 251.093 
7 0 30 251.095 
7 0 30 251.095 
7 0 30 251.095 
7 0 30 251.094 
7 0 30 251.098 
7 0 30 251.101 
7 0 30 251.103 
7 0 30 251.104 
7 0 30 251.11 
7 0 30 251.111 
7 0 30 251.111 
7 0 30 251.114 
7 0 30 251.117 
7 0 30 251.116 
7 0 30 251.115 
7 0 30 251.118 
7 0 30 251.118 
7 0 30 251.121 
7 0 30 251.122 
7 0 30 251.124 
7 0 30 251.126 
7 0 30 251.128 
7 0 30 251.134 
7 0 30 251.138 
7 0 30 251.139 
7 0 30 251.14 
7 0 30 251.145 
7 0 30 251.144 
7 0 30 251.147 
7 0 30 251.149 
7 0 30 251.151 
7 0 30 251.155 
7 0 30 251.156 
7 0 30 251.156 
7 0 30 251.156 
7 0 30 251.157 
7 0 30 251.156 
7 0 30 251.159 
7 0 30 251.159 
7 0 30 251.157 
7 0 30 251.159 
7 0 30 251.162 
7 0 30 251.164 
7 0 30 251.164 
7 0 30 251.167 
7 0 30 251.169 
7 0 30 251.169 
7 0 30 251.169 
7 0 30 251.171 
7 0 30 251.172 
7 0 30 251.18 
7 0 30 251.177 
7 0 30 251.179 
7 0 30 251.181 
7 0 30 251.181 
7 0 30 251.184 
7 0 30 251.189 
7 0 30 251.188 
7 0 30 251.188 
7 0 30 251.193 
7 0 30 251.198 
7 0 30 251.203 
7 0 30 251.204 
7 0 30 251.204 
7 0 30 251.207 
7 0 30 251.212 
7 0 30 251.211 
7 0 30 251.212 
7 0 30 251.213 
7 0 30 251.214 
7 0 30 251.213 
7 0 30 251.213 
7 0 30 251.215 
7 0 30 251.217 
7 0 30 251.218 
7 0 30 251.22 
7 0 30 251.22 
7 0 30 251.219 
7 0 30 251.221 
7 0 30 251.222 
7 0 30 251.229 
7 0 30 251.047 
7 0 30 251.292 
7 0 30 251.411 
7 0 30 251.291 
7 0 30 251.282 
7 0 30 251.249 
7 0 30 251.218 
7 0 30 251.268 
7 0 30 251.23 
7 0 30 250.572 
7 0 30 251.568 
7 0 30 251.267 
7 0 30 251.359 
7 0 30 251.362 
7 0 30 250.944 
7 0 30 250.926 
7 0 30 251.351 
7 0 30 251.326 
7 0 30 251.298 
7 0 30 251.353 
7 0 30 251.306 
7 0 30 250.918 
7 0 30 250.853 
7 0 30 251.343 
7 0 30 251.262 
7 0 30 251.291 
7 0 30 251.199 
7 0 30 250.792 
7 0 30 250.653 
7 0 30 251.122 
7 0 30 251.11 
7 0 30 250.884 
7 0 30 250.457 
7 0 30 251.062 
7 0 30 251.029 
7 0 30 250.218 
7 0 30 250.721 
7 0 30 250.917 
7 0 30 250.859 
7 0 30 250.51 
7 0 30 250.917 
7 0 30 250.92 
7 0 30 250.908 
7 0 30 249.891 
7 0 30 251.048 
7 0 30 250.771 
7 0 30 250.847 
7 0 30 250.842 
7 0 30 249.445 
7 0 30 250.924 
7 0 30 250.395 
7 0 30 250.47 
7 0 30 250.474 
7 0 30 250.469 
7 0 30 250.474 
7 0 30 249.262 
7 0 30 249.248 
7 0 30 250.36 
7 0 30 249.943 
7 0 30 249.95 
7 0 30 249.935 
7 0 30 249.933 
7 0 30 249.935 
7 0 30 249.934 
7 0 30 249.936 
7 0 30 249.935 
7 0 30 249.939 
7 0 30 249.942 
7 0 30 249.958 
7 0 30 250.307 
7 0 30 249.999 
7 0 30 250.009 
7 0 30 251.543 
7 0 30 250.02 
7 0 30 250.487 
7 0 30 251.769 
7 0 30 251.207 
7 0 30 250.459 
7 0 30 250.93 
7 0 30 251.738 
7 0 30 251.729 
7 0 30 251.226 
7 0 30 251.106 
7 0 30 251.1 
7 0 30 251.112 
7 0 30 251.12 
7 0 30 251.119 
7 0 30 251.12 
7 0 30 251.119 
7 0 30 251.117 
7 0 30 251.117 
7 0 30 251.114 
7 0 30 251.119 
7 0 30 251.123 
7 0 30 251.125 
7 0 30 251.127 
7 0 30 251.128 
7 0 30 251.127 
7 0 30 251.127 
7 0 30 251.128 
7 0 30 251.133 
7 0 30 251.134 
7 0 30 252.596 
7 0 30 256.501 
7 0 30 255.408 
7 0 30 255.528 
7 0 30 255.449 
7 0 30 255.46 
7 0 30 255.461 
7 0 30 255.465 
7 0 30 255.468 
7 0 30 255.469 
7 0 30 255.468 
7 0 30 255.474 
7 0 30 255.472 
7 0 30 255.471 
7 0 30 253.965 
7 0 30 254.136 
7 0 30 254.465 
7 0 30 254.862 
7 0 30 255.067 
7 0 30 254.827 
7 0 30 254.871 
7 0 30 254.869 
7 0 30 254.874 
7 0 30 254.873 
7 0 30 254.699 
7 0 30 254.837 
7 0 30 254.839 
7 0 30 255.056 
7 0 30 255.591 
7 0 30 255.318 
7 0 30 255.716 
7 0 30 255.829 
7 0 30 255.824 
7 0 30 256.083 
7 0 30 256.009 
7 0 30 255.773 
7 0 30 255.732 
7 0 30 255.761 
7 0 30 255.698 
7 0 30 255.737 
7 0 30 255.248 
7 0 30 255.043 
7 0 30 255.186 
7 0 30 254.987 
7 0 30 255.067 
7 0 30 254.92 
7 0 30 255.039 
7 0 30 255.015 
7 0 30 255.074 
7 0 30 255.013 
7 0 30 255.159 
7 0 30 255.208 
7 0 30 255.265 
7 0 30 255.343 
7 0 30 255.303 
7 0 30 255.111 
7 0 30 255.371 
7 0 30 255.65 
7 0 30 255.181 
7 0 30 255.152 
7 0 30 255.465 
7 0 30 255.577 
7 0 30 255.653 
7 0 30 255.44 
7 0 30 255.366 
7 0 30 255.184 
7 0 30 255.126 
7 0 30 255.141 
7 0 30 255.094 
7 0 30 255.23 
7 0 30 255.238 
7 0 30 255.256 
7 0 30 255.274 
7 0 30 255.273 
7 0 30 255.275 
7 0 30 255.275 
7 0 30 255.278 
7 0 30 255.28 
7 0 30 255.281 
7 0 30 255.282 
7 0 30 255.281 
7 0 30 255.28 
7 0 30 255.283 
7 0 30 255.284 
7 0 30 255.285 
7 0 30 255.286 
7 0 30 255.286 
7 0 30 255.288 
7 0 30 255.289 
7 0 30 255.291 
7 0 30 255.291 
7 0 30 255.289 
7 0 30 255.296 
7 0 30 255.299 
7 0 30 255.299 
7 0 30 255.302 
7 0 30 255.302 
7 0 30 255.307 
7 0 30 255.305 
7 0 30 255.305 
7 0 30 255.303 
7 0 30 255.305 
7 0 30 255.309 
7 0 30 255.309 
7 0 30 255.309 
7 0 30 255.309 
7 0 30 255.312 
7 0 30 255.315 
7 0 30 255.315 
7 0 30 255.312 
7 0 30 255.312 
7 0 30 255.312 
7 0 30 255.317 
7 0 30 255.32 
7 0 30 255.317 
7 0 30 255.315 
7 0 30 255.314 
7 0 30 255.317 
7 0 30 255.317 
7 0 30 255.319 
7 0 30 255.316 
7 0 30 255.317 
7 0 30 255.318 
7 0 30 255.32 
7 0 30 255.322 
7 0 30 255.324 
7 0 30 255.322 
7 0 30 255.322 
7 0 30 255.323 
7 0 30 255.326 
7 0 30 255.327 
7 0 30 255.324 
7 0 30 255.323 
7 0 30 255.324 
7 0 30 255.326 
7 0 30 255.327 
7 0 30 255.328 
7 0 30 255.329 
7 0 30 255.328 
7 0 30 255.328 
7 0 30 255.329 
7 0 30 255.327 
7 0 30 255.329 
7 0 30 255.327 
7 0 30 255.328 
