-0 -0 0 0 
-0 -0 0 0 
-0 -0 0 0 
-0 -0 0 0 
-0 -0 0 0 
-0 -0 0 0 
-0 -0 0 0 
-0 -0 0 0 
-0 -0 0 0 
-0 -0 0 0 
-0 -0 0 0 
-0 -0 0 0 
-0 -0 0 0 
-0 -0 0 0 
-0 -0 0 0 
-0 -0 0 0 
-0 -0 0 0 
-0 -0 0 0 
-0 -0 0 0 
-0 -0 0 0 
-0 -0 0 0 
-0 -0 0 0 
-0 -0 0 0 
-0 -0 0 0 
-0 -0 0 0 
-0 -0 0 0 
-0 -0 0 0 
-0 -0 0 0 
-0 -0 0 0 
-0 -0 0 0 
-0 -0 0 0 
-0 -0 0 0 
-0 -0 0 0 
-0 -0 0 0 
-0 -0 0 0 
-0 -0 0 0 
-0 -0 0 0 
-0 -0 0 0 
-0 -0 0 0 
-0 -0 0 0 
-0 -0 0 0 
-0 -0 0 0 
-0 -0 0 0 
-0 -0 0 0 
-0 -0 -0.00297348 -0.00297348 
-0 -0 0 -0.00297348 
-0.0178409 -0.0178409 -0.00297348 -0.0297348 
-0.00297348 -0 -0.0743371 -0.19625 
-0 0.00297348 -0.25572 -0.285455 
0.00297348 0.00297348 -0.32411 -0.279508 
-0 -0 -0.306269 -0.237879 
-0 -0 -0.258693 -0.184356 
-0 -0 -0.178409 -0.121913 
-0 -0 -0.104072 -0.0624432 
-0 -0 -0.0564962 -0.0297348 
-0 -0 -0.0446023 -0.0178409 
-0 -0 -0.0118939 0 
0.00594697 -0 0 0 
-0 -0 0 0 
-0 -0 0 0 
-0 -0 0 0 
-0 -0.00297348 0 0.00594697 
-0 -0 0 0 
0.00297348 -0 0 -0.00297348 
0.0267614 -0 -0.00892045 -0.00297348 
0.0327083 0.00892045 -0.0416288 -0.00297348 
-0.00297348 -0.00594697 -0.00297348 0.00297348 
-0.00297348 -0 -0.00594697 0 
-0.0208144 -0 -0.00297348 0 
-0.0356818 -0.00892045 0.0327083 0.0118939 
-0.0237879 -0.0208144 -0.0118939 -0.00892045 
-0.00594697 -0.00594697 0 -0.00892045 
-0.00297348 -0.0118939 0 -0.0148674 
-0 -0 0 0 
0.00297348 -0 0 0 
-0 -0 0 0 
-0 -0 0 0 
-0 -0 0 0 
-0 -0 0 0 
-0 -0 0 0 
-0 -0 0 0 
-0 -0 0 0 
-0 -0 0 0 
-0 -0 0 0 
-0 -0 0 0 
-0 -0 0 0 
-0 -0 0 0 
-0 -0 0 0 
-0 -0 0 0 
-0 -0 0 0 
-0 -0 0 0 
-0 -0 0 0 
-0 -0 0 0 
-0 -0 0 0 
-0 -0 0 0 
-0 -0 0 0 
-0 -0 0 0 
-0 -0 0 0 
-0 -0 0 0 
-0 -0 0 0 
-0 -0 0 0 
-0 -0 0 0 
-0 0.0118939 0.00297348 0.00297348 
0.00892045 0.00594697 0 0 
0.0148674 0.0148674 0 0 
0.0267614 0.0267614 0.00297348 0.00892045 
0.0267614 0.0297348 0.00297348 0.0237879 
0.0356818 0.0327083 0.0237879 0.0208144 
0.0297348 0.0356818 0.0237879 0.0237879 
0.0327083 0.0297348 0.0237879 0.0237879 
0.0475758 0.0446023 0.0416288 0.0446023 
0.0862311 0.0951515 0.0951515 0.101098 
0.160568 0.160568 0.160568 0.151648 
0.217064 0.217064 0.211117 0.214091 
0.273561 0.270587 0.258693 0.258693 
0.321136 0.321136 0.312216 0.309242 
0.347898 0.353845 0.336004 0.338977 
0.386553 0.389527 0.362765 0.356818 
0.407367 0.410341 0.380606 0.386553 
0.410341 0.410341 0.398447 0.3925 
0.422235 0.422235 0.3925 0.3925 
0.428182 0.437102 0.404394 0.419261 
0.425208 0.431155 0.413314 0.416288 
0.431155 0.431155 0.389527 0.404394 
0.431155 0.437102 0.410341 0.431155 
0.434129 0.434129 0.428182 0.425208 
0.431155 0.440076 0.422235 0.419261 
0.446023 0.45197 0.422235 0.413314 
0.419261 0.422235 0.410341 0.413314 
0.428182 0.428182 0.404394 0.40142 
0.413314 0.422235 0.398447 0.398447 
0.419261 0.422235 0.410341 0.407367 
0.404394 0.404394 0.374659 0.38358 
0.410341 0.410341 0.386553 0.40142 
0.40142 0.404394 0.395473 0.40142 
0.413314 0.422235 0.404394 0.410341 
0.413314 0.419261 0.395473 0.3925 
0.413314 0.413314 0.404394 0.40142 
0.413314 0.416288 0.398447 0.395473 
0.410341 0.410341 0.386553 0.380606 
0.40142 0.410341 0.386553 0.3925 
0.416288 0.416288 0.40142 0.407367 
0.398447 0.395473 0.38358 0.386553 
0.410341 0.410341 0.3925 0.3925 
0.40142 0.407367 0.386553 0.40142 
0.422235 0.425208 0.395473 0.410341 
0.416288 0.425208 0.407367 0.404394 
0.416288 0.422235 0.410341 0.404394 
0.416288 0.416288 0.404394 0.398447 
0.407367 0.416288 0.389527 0.389527 
0.410341 0.410341 0.3925 0.3925 
0.40142 0.40142 0.40142 0.40142 
0.389527 0.389527 0.380606 0.380606 
0.40142 0.40142 0.380606 0.386553 
0.395473 0.404394 0.380606 0.398447 
0.422235 0.425208 0.404394 0.404394 
0.407367 0.410341 0.395473 0.398447 
0.413314 0.422235 0.407367 0.404394 
0.407367 0.410341 0.398447 0.395473 
0.407367 0.410341 0.395473 0.389527 
0.410341 0.410341 0.395473 0.3925 
0.40142 0.407367 0.40142 0.410341 
0.398447 0.398447 0.386553 0.389527 
0.398447 0.40142 0.38358 0.389527 
0.404394 0.413314 0.3925 0.40142 
0.416288 0.419261 0.404394 0.407367 
0.40142 0.410341 0.3925 0.40142 
0.410341 0.410341 0.404394 0.398447 
0.40142 0.410341 0.395473 0.389527 
0.407367 0.407367 0.389527 0.386553 
0.407367 0.410341 0.404394 0.3925 
0.374659 0.3925 0.368712 0.380606 
0.321136 0.321136 0.291402 0.315189 
0.231932 0.234905 0.220038 0.225985 
0.157595 0.160568 0.148674 0.148674 
0.104072 0.107045 0.0951515 0.101098 
0.0832576 0.0683902 0.0594697 0.0594697 
0.0416288 0.0446023 0.0416288 0.0416288 
0.0267614 0.0267614 0.0237879 0.0267614 
0.0148674 0.0178409 0.0118939 0.0148674 
0.0148674 0.00892045 0.0178409 0.00892045 
0.00892045 0.0118939 0 0.00594697 
-0 -0 0.00297348 0.00892045 
-0 -0 0 0.00297348 
-0 -0 0 0 
-0 -0 0 0 
-0 -0 0 0 
-0 -0 0 0 
-0 -0 0 0 
-0 -0 0 0 
-0 -0 0 0 
-0 -0 0 0 
-0 -0 0 0 
-0 -0 0 0 
-0 -0 0 0 
-0 -0 0 0 
-0 -0 0 0 
-0 -0 0 0 
-0 -0 0 0 
-0 -0 0 0 
-0 -0 0 0 
-0 -0 0 0 
-0 -0 0 0 
-0 -0 0 0 
-0 -0 0 0 
-0 -0 0 0 
-0 -0 0 0 
-0 -0 0 0 
-0 -0 0 0 
-0 -0 0 0 
-0 -0 0 0 
-0 -0 0 0 
-0 -0 0 0 
-0 -0 0 0 
-0 -0 0 0 
-0 -0 0 0 
-0 -0 0 0 
-0 -0 0 0 
-0 -0 0 0 
-0 -0 0 0 
-0 -0 0 0 
-0 -0 0 0 
-0 -0 0 0 
-0 -0 0 0 
-0 -0 0 0 
-0 -0 0 0 
-0 -0 0 0 
-0 -0 0 0 
-0 -0 0 0 
-0 -0 0 0 
-0 -0 0 0 
-0 -0 0 0 
-0 -0 0 0 
-0 -0 0 0 
-0 -0 0 0 
-0 -0 0 0 
-0 -0 0 0 
-0 -0 0 0 
-0 -0 0 0 
-0 -0 0 0 
-0 -0 0 0 
-0 -0 0 0 
-0 -0 0 0 
-0 -0 0 0 
-0 -0 0 0 
-0 -0 0 0 
-0 -0 0 0 
-0 -0 0 0 
-0 -0 0 0 
-0 -0 0 0 
-0 -0 0 0 
-0 -0 0 0 
-0 -0 0 0 
-0 -0 0 0 
-0 -0 0 0 
-0 -0 0 0 
-0 -0 0 0 
-0 -0 0 0 
-0 -0 0 0 
-0 -0 0 0 
-0 -0 0 0 
-0 -0 0 0 
-0 -0 0 0 
-0 -0 0 0 
-0 -0 0 0 
-0 -0 0 0 
-0 -0 0 0 
-0 -0 0 0 
-0 -0 0 0 
-0 -0 0 0 
-0 -0 0 0 
-0 -0 0 0 
-0 -0 0 0 
-0 -0 0 0 
-0 -0 0 0 
-0 -0 0 0 
-0 -0 0 0 
-0 -0 0 0 
-0 -0 0 0 
-0 -0 0 0 
-0 -0 0 0 
-0 -0 0 0 
-0 -0 0 0 
-0 -0 0 0 
-0 -0 0 0 
-0 -0 0 0 
-0 -0 0 0 
-0 -0 0 0 
-0 -0 0 0 
-0 -0 0 0 
-0 -0 0 0 
-0 -0 0 0 
-0 -0 0 0 
-0 -0 0 0 
-0 -0 0 0 
-0 -0 0 0 
-0 -0 0 0 
-0 -0 0 0 
-0 -0 0 0 
-0 -0 0 0 
-0 -0 0 0 
-0 -0 0 0 
-0 -0 0 0 
-0 -0 0 0 
-0 -0 0 0 
-0 -0 0 0 
-0 -0 0 0 
-0 -0 0 0 
-0 -0 0 0 
-0 -0 0 0 
-0 -0 0 0 
-0 -0 0 0 
-0 -0 0 0 
-0 -0 0 0 
-0 -0 0 0 
-0 -0 0 0 
-0 -0 0 0 
-0 -0 0 0 
-0 -0 0 0 
-0 -0 0 0 
-0 -0 0 0 
-0 -0 0 0 
-0 -0 0 0 
-0 -0 0 0 
-0 -0 0 0 
-0 -0 0 0 
-0 -0 0 0 
-0 -0 0 0 
-0 -0 0 0 
-0 -0 0 0 
-0 -0 0 0 
-0 -0 0 0 
-0 -0 0 0 
-0 -0 0 0 
-0 -0 0 0 
-0 -0 0 0 
-0 -0 0 0 
-0 -0 0 0 
-0 -0 0 0 
-0 -0 0 0 
-0 -0 0 0 
-0 -0 0 0 
-0 -0 0 0 
-0 -0 0 0 
-0 -0 0 0 
-0 -0 0 0 
-0 -0 0 0 
-0 -0 0 0 
-0 -0 0 0 
-0 -0 0 0 
-0 -0 0 0 
-0 -0 0 0 
-0 -0 0 0 
-0 -0 0 0 
-0 -0 0 0 
-0 -0 0 0 
-0 -0 0 0 
-0 -0 0 0 
-0 -0 0 0 
-0 -0 0 0 
-0 -0 0 0 
-0 -0 0 0 
-0 -0 0 0 
-0 -0 0 0 
-0 -0 0 0 
-0 -0 0 0 
-0 -0 0 0 
-0 -0 0 0 
-0 -0 0 0 
-0 -0 0 0 
-0 -0 0 0 
-0 -0 0 0 
-0 -0 0 0 
-0 -0 0 0 
-0 -0 0 0 
-0 -0 0 0 
-0 -0 0 0 
-0 -0 0 0 
-0 -0 0 0 
-0 -0 0 0 
-0 -0 0 0 
-0 -0 0 0 
-0 -0 0 0 
-0 -0 0 0 
-0 -0 0 0 
-0 -0 0 0 
-0 -0 0 0 
-0 -0 0 0 
-0 -0 0 0 
-0 -0 0 0 
-0 -0 0 0 
-0 -0 0 0 
-0 -0 0 0 
-0 -0 0 0 
-0 -0 0 0 
-0 -0 0 0 
-0 -0 0 0 
-0 -0 0 0 
-0 -0 0 0 
-0 -0 0 0 
-0 -0 0 0 
-0 -0 0 0 
-0 -0 0 0 
-0 -0 0 0 
-0 -0 0 0 
-0 -0 0 0 
-0 -0 0 0 
-0 -0 0 0 
-0 -0 0 0 
-0 -0 0 0 
-0 -0 0 0 
-0 -0 0 0 
-0 -0 0 0 
-0 -0 0 0 
-0 -0 0 0 
-0 -0 0 0 
-0 -0 0 0 
-0 -0 0 0 
-0 -0 0 0 
-0 -0 0 0 
-0 -0 0 0 
-0 -0 0 0 
-0 -0 0 0 
-0 -0 0 0 
-0 -0 0 0 
-0 -0 0 0 
-0 -0 0 0 
-0 -0 0 0 
-0 -0 0 0 
-0 -0 0 0 
-0 -0 0 0 
-0 -0 0 0 
-0 -0 0 0 
-0 -0 0 0 
-0 -0 0 0 
-0 -0 0 0 
-0 -0 0 0 
-0 -0 0 0 
-0 -0 0 0 
-0 -0 0 0 
-0 -0 0 0 
-0 -0 0 0 
-0 -0 0 0 
-0 -0 0 0 
-0 -0 0 0 
-0 -0 0 0 
-0 -0 0 0 
-0 -0 0 0 
-0 -0 0 0 
-0 -0 0 0 
-0 -0 0 0 
-0 -0 0 0 
-0 -0 0 0 
-0 -0 0 0 
-0 -0 0 0 
-0 -0 0 0 
-0 -0 0 0 
-0 -0 0 0 
-0 -0 0 0 
-0 -0 0 0 
-0 -0 0 0 
-0 -0 0 0 
-0 -0 0 0 
-0 -0 0 0 
-0 -0 0 0 
-0 -0 0 0 
-0 -0 0 0 
-0 -0 0 0 
-0 -0 0 0 
-0 -0 0 0 
-0 -0 0 0 
-0 -0 0 0 
-0 -0 0 0 
-0 -0 0 0 
-0 -0 0 0 
-0 -0 0 0 
-0 -0 0 0 
-0 -0 0 0 
-0 -0 0 0 
-0 -0 0 0 
-0 -0 0 0 
-0 -0 0 0 
-0 -0 0 0 
-0 -0 0 0 
-0 -0 0 0 
-0 -0 0 0 
-0 -0 0 0 
-0 -0 0 0 
-0 -0 0 0 
-0 -0 0 0 
-0 -0 0 0 
-0 -0 0 0 
-0 -0 0 0 
-0 -0 0 0 
-0 -0 0 0 
-0 -0 0 0 
-0 -0 0 0 
-0 -0 0 0 
-0 -0 0 0 
-0 -0 0 0 
-0 -0 0 0 
-0 -0 0 0 
-0 -0 0 0 
-0 -0 0 0 
-0 -0 0 0 
-0 -0 0 0 
-0 -0 0 0 
-0 -0 0 0 
-0 -0 0 0 
-0 -0 0 0 
-0 -0 0 0 
-0 -0 0 0 
-0 -0 0 0 
-0 -0 0 0 
-0 -0 0 0 
-0 -0 0 0 
-0 -0 0 0 
-0 -0 0 0 
-0 -0 0 0 
-0 -0 0 0 
-0 -0 0 0 
-0 -0 0 0 
-0 -0 0 0 
-0 -0 0 0 
-0 -0 0 0 
-0 -0 0 0 
-0 -0 0 0 
-0 -0 0 0 
-0 -0 0 0 
-0 -0 0 0 
-0 -0 0 0 
-0 -0 0 0 
-0 -0 0 0 
-0 -0 0 0 
-0 -0 0 0 
-0 -0 0 0 
-0 -0 0 0 
-0 -0 0 0 
-0 -0 0 0 
-0 -0 0 0 
-0 -0 0 0 
-0 -0 0 0 
-0 -0 0 0 
-0 -0 0 0 
-0 -0 0 0 
-0 -0 0 0 
-0 -0 0 0 
-0 -0 0 0 
-0 -0 0 0 
-0 -0 0 0 
-0 -0 0 0 
-0 -0 0 0 
-0 -0 0 0 
-0 -0 0 0 
-0 -0 0 0 
-0 -0 0 0 
-0 -0 0 0 
-0 -0 0 0 
-0 -0 0 0 
-0 -0 0 0 
-0 -0 0 0 
-0 -0 0 0 
-0 -0 0 0 
-0 -0 0 0 
-0 -0 0 0 
-0 -0 0 0 
-0 -0 0 0 
-0 -0 0 0 
-0 -0 0 0 
-0 -0 0 0 
-0 -0 0 0 
-0 -0 0 0 
-0 -0 0 0 
-0 -0 0 0 
-0 -0 0 0 
-0 -0 0 0 
-0 -0 0 0 
-0 -0 0 0 
-0 -0 0 0 
-0 -0 0 0 
-0 -0 0 0 
-0 -0 0 0 
-0 -0 0 0 
-0 -0 0 0 
-0 -0 0 0 
-0 -0 0 0 
-0 -0 0 0 
-0 -0 0 0 
-0 -0 0 0 
-0 -0 0 0 
-0 -0 0 0 
-0 -0 0 0 
-0 -0 0 0 
-0 -0 0 0 
-0 -0 0 0 
-0 -0 0 0 
-0 -0 0 0 
-0 -0 0 0 
-0 -0 0 0 
-0 -0 0 0 
-0 -0 0 0 
-0 -0 0 0 
-0 -0 0 0 
-0 -0 0 0 
-0 -0 0 0 
-0 -0 0 0 
-0 -0 0 0 
-0 -0 0 0 
-0 -0 0 0 
-0 -0 0 0 
