-0 -0 0 0 
-0 -0 0 0 
-0 -0 0 0 
-0 -0 0 0 
-0 -0 0 0 
-0 -0 0 0 
-0 -0 0 0 
-0 -0 0 0 
-0 -0 0 0 
-0 -0 0 0 
-0 -0 0 0 
-0 -0 0 0 
-0 -0 0 0 
-0 -0 0 0 
-0 -0 0 0 
-0 -0 0 0 
-0 -0 0 0 
-0 -0 0 0 
-0 0.00297348 0 0.00297348 
-0 -0 0.0386553 0.00594697 
0.00892045 0.0178409 0.0178409 0.0327083 
0.0446023 0.0356818 0.0327083 0.0327083 
0.0713636 0.0624432 0.0683902 0.0654167 
0.112992 0.115966 0.110019 0.115966 
0.160568 0.163542 0.163542 0.163542 
0.211117 0.214091 0.220038 0.223011 
0.285455 0.288428 0.285455 0.282481 
0.321136 0.336004 0.33303 0.330057 
0.359792 0.362765 0.362765 0.362765 
0.377633 0.377633 0.407367 0.407367 
0.386553 0.410341 0.40142 0.407367 
0.425208 0.425208 0.428182 0.431155 
0.434129 0.431155 0.440076 0.448996 
0.434129 0.440076 0.446023 0.454943 
0.446023 0.446023 0.446023 0.45197 
0.422235 0.434129 0.440076 0.437102 
0.428182 0.431155 0.428182 0.428182 
0.425208 0.428182 0.422235 0.419261 
0.407367 0.413314 0.431155 0.440076 
0.404394 0.422235 0.410341 0.416288 
0.416288 0.419261 0.422235 0.425208 
0.419261 0.413314 0.425208 0.431155 
0.416288 0.422235 0.425208 0.428182 
0.425208 0.422235 0.416288 0.425208 
0.407367 0.410341 0.407367 0.407367 
0.40142 0.410341 0.416288 0.413314 
0.407367 0.416288 0.404394 0.398447 
0.398447 0.3925 0.40142 0.419261 
0.3925 0.404394 0.407367 0.410341 
0.40142 0.404394 0.395473 0.398447 
0.404394 0.404394 0.422235 0.422235 
0.410341 0.404394 0.404394 0.416288 
0.40142 0.40142 0.404394 0.410341 
0.404394 0.404394 0.395473 0.398447 
0.389527 0.389527 0.395473 0.395473 
0.389527 0.3925 0.380606 0.38358 
0.389527 0.398447 0.398447 0.3925 
0.386553 0.380606 0.3925 0.404394 
0.371686 0.386553 0.386553 0.386553 
0.389527 0.3925 0.395473 0.395473 
0.395473 0.404394 0.407367 0.413314 
0.407367 0.398447 0.407367 0.410341 
0.40142 0.407367 0.407367 0.416288 
0.410341 0.410341 0.404394 0.398447 
0.40142 0.395473 0.404394 0.407367 
0.398447 0.404394 0.389527 0.389527 
0.395473 0.404394 0.40142 0.404394 
0.386553 0.386553 0.398447 0.404394 
0.386553 0.398447 0.389527 0.389527 
0.386553 0.3925 0.398447 0.404394 
0.398447 0.404394 0.410341 0.413314 
0.395473 0.386553 0.40142 0.404394 
0.389527 0.404394 0.404394 0.404394 
0.40142 0.40142 0.398447 0.398447 
0.389527 0.389527 0.395473 0.389527 
0.389527 0.398447 0.377633 0.374659 
0.386553 0.386553 0.395473 0.395473 
0.377633 0.377633 0.389527 0.395473 
0.374659 0.395473 0.38358 0.389527 
0.389527 0.3925 0.395473 0.404394 
0.407367 0.404394 0.413314 0.416288 
0.407367 0.404394 0.413314 0.416288 
0.413314 0.419261 0.416288 0.416288 
0.413314 0.419261 0.416288 0.419261 
0.416288 0.413314 0.410341 0.413314 
0.404394 0.413314 0.407367 0.40142 
0.398447 0.404394 0.410341 0.419261 
0.341951 0.341951 0.303295 0.368712 
0.288428 0.26464 0.273561 0.270587 
0.190303 0.19625 0.19625 0.199223 
0.124886 0.12786 0.118939 0.124886 
0.0683902 0.0713636 0.0683902 0.0624432 
0.0267614 0.0267614 0.0208144 0.0148674 
-0 0.0148674 0 0 
-0 -0 0 0 
-0 -0 0 0 
-0 -0 0 0 
-0 -0 0 0 
-0 -0 0 0 
-0 -0 0 0 
-0 -0 0 0 
-0 -0 0 0 
-0 -0 0 0 
-0 -0 0 0 
-0 -0 0 0 
-0 -0 0 0 
-0 -0 0 0 
-0 -0 0 0 
-0 -0 0 0 
-0 -0 0 0 
-0 -0 0 0 
-0 -0 0 0 
-0 -0 0 0 
-0 -0 0 0 
-0 -0 0 0 
-0 -0 0 0 
-0 -0 0 0 
-0 -0 0 0 
-0 -0 0 0 
-0 -0 0 0 
-0 -0 0 0 
-0 -0 0 0 
-0 -0 0 0 
-0 -0 0 0 
-0 -0 0 0 
-0 -0 0 0 
-0 -0 0 0 
-0 -0 0 0 
-0 -0 0 0 
-0 -0 0 0 
-0 -0 0 0 
-0 -0 0 0 
-0 -0 0 0 
-0 -0 0 0 
-0 -0 0 0 
-0 -0 0 0 
-0 -0 0 0 
-0 -0 0 0 
-0 -0 0 0 
-0 -0 0 0 
-0 -0 0 0 
-0 -0 0 0 
-0 -0 0 0 
-0 -0 0 0 
-0 -0 0 0 
-0 -0 0 0 
-0 -0 0 0 
-0 -0 0 0 
-0 -0 0 0 
-0 -0 0 0 
-0 -0 0 0 
-0 -0 0 0 
-0 -0 0 0 
-0 -0 0 0 
-0 -0 0 0 
-0 -0 0 0 
-0 -0 0 0 
-0 -0 0 0 
-0 -0 0 0 
-0 -0 0 0 
-0 -0 0 0 
-0 -0 0 0 
-0 -0 0 0 
-0 -0 0 0 
-0 -0 0 0 
-0 -0 0 0 
-0 -0 0 0 
-0 -0 0 0 
-0 -0 0 0 
-0 -0 0 0 
-0 -0 0 0 
-0 -0 0 0 
-0 -0 0 0 
-0 -0 0 0 
-0 -0 0 0 
-0 -0 0 0 
-0 -0 0 0 
-0 -0 0 0 
-0 -0 0 0 
-0 -0 0 0 
-0 -0 0 0 
-0 -0 0 0 
-0 -0 0 0 
-0 -0 0 0 
-0 -0 0 0 
-0 -0 0 0 
-0 -0 0 0 
-0 -0 0 0 
-0 -0 0 0 
-0 -0 0 0 
-0 -0 0 0 
-0 -0 0 0 
-0 -0 0 0 
-0 -0 0 0 
-0 -0 0 0 
-0 -0 0 0 
-0 -0 0 0 
-0 -0 0 0 
-0 -0 0 0 
-0 -0 0 0 
-0 -0 0 0 
-0 -0 0 0 
-0 -0 0 0 
-0 -0 0 0 
-0 -0 0 0 
-0 -0 0 0 
-0 -0 0 0 
-0 -0 0 0 
-0 -0 0 0 
-0 -0 0 0 
-0 -0 0 0 
-0 -0 0 0 
-0 -0 0 0 
-0 -0 0 0 
-0 -0 0 0 
-0 -0 0 0 
-0 -0 0 0 
-0 -0 0 0 
-0 -0 0 0 
-0 -0 0 0 
-0 -0 0 0 
-0 -0 0 0 
-0 -0 0 0 
-0 -0 0 0 
-0 -0 0 0 
-0 -0 0 0 
-0 -0 0 0 
-0 -0 0 0 
-0 -0 0 0 
-0 -0 0 0 
-0 -0 0 0 
-0 -0 0 0 
-0 -0 0 0 
-0 -0 0 0 
-0 -0 0 0 
-0 -0 0 0 
-0 -0 0 0 
-0 -0 0 0 
-0 -0 0 0 
-0 -0 0 0 
-0 -0 0 0 
-0 -0 0 0 
-0 -0 0 0 
-0 -0 0 0 
-0 -0 0 0 
-0 -0 0 0 
-0 -0 0 0 
-0 -0 0 0 
-0 -0 0 0 
-0 -0 0 0 
-0 -0 0 0 
-0 -0 0 0 
-0 -0 0 0 
-0 -0 0 0 
-0 -0 0 0 
-0 -0 0 0 
-0 -0 0 0 
-0 -0 0 0 
-0 -0 0 0 
-0 -0 0 0 
-0 -0 0 0 
-0 -0 0 0 
-0 -0 0 0 
-0 -0 0 0 
-0 -0 0 0 
-0 -0 0 0 
-0 -0 0 0 
-0 -0 0 0 
-0 -0 0 0 
-0 -0 0 0 
-0 -0 0 0 
-0 -0 0 0 
-0 -0 0 0 
-0 -0 0 0 
-0 -0 0 0 
-0 -0 0 0 
-0 -0 0 0 
-0 -0 0 0 
-0 -0 0 0 
-0 -0 0 0 
-0 -0 0 0 
-0 -0 0 0 
-0 -0 0 0 
-0 -0 0 0 
-0 -0 0 0 
-0 -0 0 0 
-0 -0 0 0 
-0 -0 0 0 
-0 -0 0 0 
-0 -0 0 0 
-0 -0 0 0 
-0 -0 0 0 
-0 -0 0 0 
-0 -0 0 0 
-0 -0 0 0 
-0 -0 0 0 
-0 -0 0 0 
-0 -0 0 0 
-0 -0 0 0 
-0 -0 0 0 
-0 -0 0 0 
-0 -0 0 0 
-0 -0 0 0 
-0 -0 0 0 
-0 -0 0 0 
-0 -0 0 0 
-0 -0 0 0 
-0 -0 0 0 
-0 -0 0 0 
-0 -0 0 0 
-0 -0 0 0 
-0 -0 0 0 
-0 -0 0 0 
-0 -0 0 0 
-0 -0 0 0 
-0 -0 0 0 
-0 -0 0 0 
-0 -0 0 0 
-0 -0 0 0 
-0 -0 0 0 
-0 -0 0 0 
-0 -0 0 0 
-0 -0 0 0 
-0 -0 0 0 
-0 -0 0 0 
-0 -0 0 0 
-0 -0 0 0 
-0 -0 0 0 
-0 -0 0 0 
-0 -0 0 0 
-0 -0 0 0 
-0 -0 0 0 
-0 -0 0 0 
-0 -0 0 0 
-0 -0 0 0 
-0 -0 0 0 
-0 -0 0 0 
-0 -0 0 0 
-0 -0 0 0 
-0 -0 0 0 
-0 -0 0 0 
-0 -0 0 0 
-0 -0 0 0 
-0 -0 0 0 
-0 -0 0 0 
-0 -0 0 0 
-0 -0 0 0 
-0 -0 0 0 
-0 -0 0 0 
-0 -0 0 0 
-0 -0 0 0 
-0 -0 0 0 
-0 -0 0 0 
-0 -0 0 0 
-0 -0 0 0 
-0 -0 0 0 
-0 -0 0 0 
-0 -0 0 0 
-0 -0 0 0 
-0 -0 0 0 
-0 -0 0 0 
-0 -0 0 0 
-0 -0 0 0 
-0 -0 0 0 
-0 -0 0 0 
-0 -0 0 0 
-0 -0 0 0 
-0 -0 0 0 
-0 -0 0 0 
-0 -0 0 0 
-0 -0 0 0 
-0 -0 0 0 
-0 -0 0 0 
-0 -0 0 0 
-0 -0 0 0 
-0 -0 0 0 
-0 -0 0 0 
-0 -0 0 0 
-0 -0 0 0 
-0 -0 0 0 
-0 -0 0 0 
-0 -0 0 0 
-0 -0 0 0 
-0 -0 0 0 
-0 -0 0 0 
-0 -0 0 0 
-0 -0 0 0 
-0 -0 0 0 
-0 -0 0 0 
-0 -0 0 0 
-0 -0 0 0 
-0 -0 0 0 
-0 -0 0 0 
-0 -0 0 0 
-0 -0 0 0 
-0 -0 0 0 
-0 -0 0 0 
-0 -0 0 0 
-0 -0 0 0 
-0 -0 0 0 
-0 -0 0 0 
-0 -0 0 0 
-0 -0 0 0 
-0 -0 0 0 
-0 -0 0 0 
-0 -0 0 0 
-0 -0 0 0 
-0 -0 0 0 
-0 -0 0 0 
-0 -0 0 0 
-0 -0 0 0 
-0 -0 0 0 
-0 -0 0 0 
-0 -0 0 0 
-0 -0 0 0 
-0 -0 0 0 
-0 -0 0 0 
-0 -0 0 0 
-0 -0 0 0 
-0 -0 0 0 
-0 -0 0 0 
-0 -0 0 0 
-0 -0 0 0 
-0 -0 0 0 
-0 -0 0 0 
-0 -0 0 0 
-0 -0 0 0 
-0 -0 0 0 
-0 -0 0 0 
-0 -0 0 0 
-0 -0 0 0 
-0 -0 0 0 
-0 -0 0 0 
-0 -0 0 0 
-0 -0 0 0 
-0 -0 0 0 
-0 -0 0 0 
-0 -0 0 0 
-0 -0 0 0 
-0 -0 0 0 
-0 -0 0 0 
-0 -0 0 0 
-0 -0 0 0 
-0 -0 0 0 
-0 -0 0 0 
-0 -0 0 0 
-0 -0 0 0 
-0 -0 0 0 
-0 -0 0 0 
-0 -0 0 0 
-0 -0 0 0 
-0 -0 0 0 
-0 -0 0 0 
-0 -0 0 0 
-0 -0 0 0 
-0 -0 0 0 
-0 -0 0 0 
-0 -0 0 0 
-0 -0 0 0 
-0 -0 0 0 
-0 -0 0 0 
-0 -0 0 0 
-0 -0 0 0 
-0 -0 0 0 
-0 -0 0 0 
-0 -0 0 0 
-0 -0 0 0 
-0 -0 0 0 
-0 -0 0 0 
-0 -0 0 0 
-0 -0 0 0 
-0 -0 0 0 
-0 -0 0 0 
-0 -0 0 0 
-0 -0 0 0 
-0 -0 0 0 
-0 -0 0 0 
-0 -0 0 0 
-0 -0 0 0 
-0 -0 0 0 
-0 -0 0 0 
-0 -0 0 0 
-0 -0 0 0 
-0 -0 0 0 
-0 -0 0 0 
-0 -0 0 0 
-0 -0 0 0 
-0 -0 0 0 
-0 -0 0 0 
-0 -0 0 0 
-0 -0 0 0 
-0 -0 0 0 
-0 -0 0 0 
-0 -0 0 0 
-0 -0 0 0 
-0 -0 0 0 
-0 -0 0 0 
-0 -0 0 0 
-0 -0 0 0 
-0 -0 0 0 
-0 -0 0 0 
-0 -0 0 0 
-0 -0 0 0 
-0 -0 0 0 
-0 -0 0 0 
-0 -0 0 0 
-0 -0 0 0 
-0 -0 0 0 
-0 -0 0 0 
-0 -0 0 0 
-0 -0 0 0 
-0 -0 0 0 
-0 -0 0 0 
-0 -0 0 0 
-0 -0 0 0 
-0 -0 0 0 
-0 -0 0 0 
-0 -0 0 0 
-0 -0 0 0 
-0 -0 0 0 
-0 -0 0 0 
-0 -0 0 0 
-0 -0 0 0 
-0 -0 0 0 
-0 -0 0 0 
-0 -0 0 0 
-0 -0 0 0 
-0 -0 0 0 
-0 -0 0 0 
-0 -0 0 0 
-0 -0 0 0 
-0 -0 0 0 
-0 -0 0 0 
-0 -0 0 0 
-0 -0 0 0 
-0 -0 0 0 
-0 -0 0 0 
-0 -0 0 0 
-0 -0 0 0 
-0 -0 0 0 
-0 -0 0 0 
-0 -0 0 0 
-0 -0 0 0 
-0 -0 0 0 
-0 -0 0 0 
-0 -0 0 0 
-0 -0 0 0 
-0 -0 0 0 
-0 -0 0 0 
-0 -0 0 0 
-0 -0 0 0 
-0 -0 0 0 
-0 -0 0 0 
-0 -0 0 0 
-0 -0 0 0 
-0 -0 0 0 
-0 -0 0 0 
-0 -0 0 0 
-0 -0 0 0 
-0 -0 0 0 
-0 -0 0 0 
-0 -0 0 0 
-0 -0 0 0 
-0 -0 0 0 
-0 -0 0 0 
-0 -0 0 0 
-0 -0 0 0 
-0 -0 0 0 
-0 -0 0 0 
-0 -0 0 0 
-0 -0 0 0 
-0 -0 0 0 
-0 -0 0 0 
-0 -0 0 0 
-0 -0 0 0 
-0 -0 0 0 
-0 -0 0 0 
-0 -0 0 0 
-0 -0 0 0 
-0 -0 0 0 
-0 -0 0 0 
-0 -0 0 0 
-0 -0 0 0 
-0 -0 0 0 
-0 -0 0 0 
-0 -0 0 0 
-0 -0 0 0 
-0 -0 0 0 
-0 -0 0 0 
-0 -0 0 0 
-0 -0 0 0 
-0 -0 0 0 
-0 -0 0 0 
-0 -0 0 0 
-0 -0 0 0 
-0 -0 0 0 
-0 -0 0 0 
-0 -0 0 0 
-0 -0 0 0 
-0 -0 0 0 
-0 -0 0 0 
-0 -0 0 0 
-0 -0 0 0 
-0 -0 0 0 
-0 -0 0 0 
-0 -0 0 0 
-0 -0 0 0 
-0 -0 0 0 
-0 -0 0 0 
-0 -0 0 0 
-0 -0 0 0 
-0 -0 0 0 
-0 -0 0 0 
-0 -0 0 0 
-0 -0 0 0 
-0 -0 0 0 
-0 -0 0 0 
-0 -0 0 0 
-0 -0 0 0 
-0 -0 0 0 
-0 -0 0 0 
-0 -0 0 0 
-0 -0 0 0 
-0 -0 0 0 
-0 -0 0 0 
-0 -0 0 0 
-0 -0 0 0 
-0 -0 0 0 
-0 -0 0 0 
-0 -0 0 0 
-0 -0 0 0 
-0 -0 0 0 
-0 -0 0 0 
-0 -0 0 0 
-0 -0 0 0 
-0 -0 0 0 
-0 -0 0 0 
-0 -0 0 0 
-0 -0 0 0 
-0 -0 0 0 
-0 -0 0 0 
-0 -0 0 0 
-0 -0 0 0 
-0 -0 0 0 
-0 -0 0 0 
-0 -0 0 0 
-0 -0 0 0 
-0 -0 0 0 
-0 -0 0 0 
-0 -0 0 0 
-0 -0 0 0 
-0 -0 0 0 
-0 -0 0 0 
-0 -0 0 0 
-0 -0 0 0 
-0 -0 0 0 
-0 -0 0 0 
-0 -0 0 0 
-0 -0 0 0 
-0 -0 0 0 
-0 -0 0 0 
-0 -0 0 0 
-0 -0 0 0 
-0 -0 0 0 
-0 -0 0 0 
-0 -0 0 0 
-0 -0 0 0 
-0 -0 0 0 
-0 -0 0 0 
-0 -0 0 0 
-0 -0 0 0 
-0 -0 0 0 
-0 -0 0 0 
-0 -0 0 0 
-0 -0 0 0 
-0 -0 0 0 
-0 -0 0 0 
-0 -0 0 0 
-0 -0 0 0 
-0 -0 0 0 
-0 -0 0 0 
-0 -0 0 0 
-0 -0 0 0 
-0 -0 0 0 
-0 -0 0 0 
-0 -0 0 0 
-0 -0 0 0 
-0 -0 0 0 
-0 -0 0 0 
-0 -0 0 0 
-0 -0 0 0 
-0 -0 0 0 
-0 -0 0 0 
-0 -0 0 0 
-0 -0 0 0 
-0 -0 0 0 
-0 -0 0 0 
-0 -0 0 0 
-0 -0 0 0 
-0 -0 0 0 
-0 -0 0 0 
-0 -0 0 0 
-0 -0 0 0 
-0 -0 0 0 
-0 -0 0 0 
-0 -0 0 0 
-0 -0 0 0 
-0 -0 0 0 
-0 -0 0 0 
-0 -0 0 0 
-0 -0 0 0 
-0 -0 0 0 
-0 -0 0 0 
-0 -0 0 0 
-0 -0 0 0 
-0 -0 0 0 
-0 -0 0 0 
-0 -0 0 0 
-0 -0 0 0 
-0 -0 0 0 
-0 -0 0 0 
-0 -0 0 0 
-0 -0 0 0 
-0 -0 0 0 
-0 -0 0 0 
-0 -0 0 0 
-0 -0 0 0 
-0 -0 0 0 
-0 -0 0 0 
-0 -0 0 0 
-0 -0 0 0 
-0 -0 0 0 
-0 -0 0 0 
-0 -0 0 0 
-0 -0 0 0 
-0 -0 0 0 
-0 -0 0 0 
-0 -0 0 0 
-0 -0 0 0 
-0 -0 0 0 
-0 -0 0 0 
-0 -0 0 0 
-0 -0 0 0 
-0 -0 0 0 
-0 -0 0 0 
-0 -0 0 0 
-0 -0 0 0 
-0 -0 0 0 
-0 -0 0 0 
-0 -0 0 0 
-0 -0 0 0 
-0 -0 0 0 
-0 -0 0 0 
-0 -0 0 0 
-0 -0 0 0 
-0 -0 0 0 
-0 -0 0 0 
-0 -0 0 0 
-0 -0 0 0 
-0 -0 0 0 
-0 -0 0 0 
-0 -0 0 0 
-0 -0 0 0 
-0 -0 0 0 
-0 -0 0 0 
-0 -0 0 0 
-0 -0 0 0 
-0 -0 0 0 
-0 -0 0 0 
-0 -0 0 0 
-0 -0 0 0 
-0 -0 0 0 
-0 -0 0 0 
-0 -0 0 0 
-0 -0 0 0 
-0 -0 0 0 
-0 -0 0 0 
-0 -0 0 0 
-0 -0 0 0 
-0 -0 0 0 
-0 -0 0 0 
-0 -0 0 0 
-0 -0 0 0 
-0 -0 0 0 
-0 -0 0 0 
-0 -0 0 0 
-0 -0 0 0 
-0 -0 0 0 
-0 -0 0 0 
-0 -0 0 0 
-0 -0 0 0 
-0 -0 0 0 
-0 -0 0 0 
-0 -0 0 0 
-0 -0 0 0 
-0 -0 0 0 
-0 -0 0 0 
-0 -0 0 0 
-0 -0 0 0 
-0 -0 0 0 
-0 -0 0 0 
-0 -0 0 0 
-0 -0 0 0 
-0 -0 0 0 
-0 -0 0 0 
-0 -0 0 0 
-0 -0 0 0 
-0 -0 0 0 
-0 -0 0 0 
-0 -0 0 0 
-0 -0 0 0 
-0 -0 0 0 
-0 -0 0 0 
-0 -0 0 0 
-0 -0 0 0 
-0 -0 0 0 
-0 -0 0 0 
-0 -0 0 0 
-0 -0 0 0 
-0 -0 0 0 
-0 -0 0 0 
-0 -0 0 0 
-0 -0 0 0 
-0 -0 0 0 
-0 -0 0 0 
-0 -0 0 0 
-0 -0 0 0 
-0 -0 0 0 
-0 -0 0 0 
-0 -0 0 0 
-0 -0 0 0 
-0 -0 0 0 
-0 -0 0 0 
-0 -0 0 0 
-0 -0 0 0 
-0 -0 0 0 
-0 -0 0 0 
-0 -0 0 0 
-0 -0 0 0 
-0 -0 0 0 
-0 -0 0 0 
-0 -0 0 0 
-0 -0 0 0 
-0 -0 0 0 
-0 -0 0 0 
-0 -0 0 0 
-0 -0 0 0 
-0 -0 0 0 
-0 -0 0 0 
-0 -0 0 0 
-0 -0 0 0 
-0 -0 0 0 
-0 -0 0 0 
-0 -0 0 0 
-0 -0 0 0 
-0 -0 0 0 
-0 -0 0 0 
-0 -0 0 0 
-0 -0 0 0 
-0 -0 0 0 
-0 -0 0 0 
-0 -0 0 0 
-0 -0 0 0 
-0 -0 0 0 
-0 -0 0 0 
-0 -0 0 0 
-0 -0 0 0 
-0 -0 0 0 
-0 -0 0 0 
-0 -0 0 0 
-0 -0 0 0 
-0 -0 0 0 
-0 -0 0 0 
-0 -0 0 0 
-0 -0 0 0 
-0 -0 0 0 
-0 -0 0 0 
-0 -0 0 0 
-0 -0 0 0 
-0 -0 0 0 
-0 -0 0 0 
-0 -0 0 0 
-0 -0 0 0 
-0 -0 0 0 
-0 -0 0 0 
-0 -0 0 0 
-0 -0 0 0 
-0 -0 0 0 
-0 -0 0 0 
-0 -0 0 0 
-0 -0 0 0 
-0 -0 0 0 
-0 -0 0 0 
-0 -0 0 0 
-0 -0 0 0 
-0 -0 0 0 
-0 -0 0 0 
-0 -0 0 0 
-0 -0 0 0 
-0 -0 0 0 
-0 -0 0 0 
-0 -0 0 0 
-0 -0 0 0 
-0 -0 0 0 
-0 -0 0 0 
-0 -0 0 0 
-0 -0 0 0 
-0 -0 0 0 
-0 -0 0 0 
-0 -0 0 0 
-0 -0 0 0 
-0 -0 0 0 
-0 -0 0 0 
-0 -0 0 0 
-0 -0 0 0 
-0 -0 0 0 
-0 -0 0 0 
-0 -0 0 0 
-0 -0 0 0 
-0 -0 0 0 
-0 -0 0 0 
-0 -0 0 0 
-0 -0 0 0 
-0 -0 0 0 
-0 -0 0 0 
-0 -0 0 0 
-0 -0 0 0 
-0 -0 0 0 
-0 -0 0 0 
-0 -0 0 0 
-0 -0 0 0 
-0 -0 0 0 
-0 -0 0 0 
-0 -0 0 0 
-0 -0 0 0 
-0 -0 0 0 
-0 -0 0 0 
-0 -0 0 0 
-0 -0 0 0 
-0 -0 0 0 
-0 -0 0 0 
-0 -0 0 0 
-0 -0 0 0 
-0 -0 0 0 
-0 -0 0 0 
-0 -0 0 0 
-0 -0 0 0 
-0 -0 0 0 
-0 -0 0 0 
-0 -0 0 0 
-0 -0 0 0 
-0 -0 0 0 
-0 -0 0 0 
-0 -0 0 0 
-0 -0 0 0 
-0 -0 0 0 
-0 -0 0 0 
-0 -0 0 0 
-0 -0 0 0 
-0 -0 0 0 
-0 -0 0 0 
-0 -0 0 0 
-0 -0 0 0 
-0 -0 0 0 
-0 -0 0 0 
-0 -0 0 0 
-0 -0 0 0 
-0 -0 0 0 
-0 -0 0 0 
-0 -0 0 0 
-0 -0 0 0 
-0 -0 0 0 
-0 -0 0 0 
-0 -0 0 0 
-0 -0 0 0 
-0 -0 0 0 
-0 -0 0 0 
-0 -0 0 0 
-0 -0 0 0 
-0 -0 0 0 
-0 -0 0 0 
-0 -0 0 0 
-0 -0 0 0 
-0 -0 0 0 
-0 -0 0 0 
-0 -0 0 0 
-0 -0 0 0 
-0 -0 0 0 
-0 -0 0 0 
-0 -0 0 0 
-0 -0 0 0 
-0 -0 0 0 
-0 -0 0 0 
-0 -0 0 0 
-0 -0 0 0 
-0 -0 0 0 
-0 -0 0 0 
-0 -0 0 0 
-0 -0 0 0 
-0 -0 0 0 
-0 -0 0 0 
-0 -0 0 0 
-0 -0 0 0 
-0 -0 0 0 
-0 -0 0 0 
-0 -0 0 0 
-0 -0 0 0 
-0 -0 0 0 
-0 -0 0 0 
-0 -0 0 0 
-0 -0 0 0 
-0 -0 0 0 
-0 -0 0 0 
-0 -0 0 0 
-0 -0 0 0 
-0 -0 0 0 
-0 -0 0 0 
-0 -0 0 0 
-0 -0 0 0 
-0 -0 0 0 
-0 -0 0 0 
-0 -0 0 0 
-0 -0 0 0 
-0 -0 0 0 
-0 -0 0 0 
-0 -0 0 0 
-0 -0 0 0 
-0 -0 0 0 
-0 -0 0 0 
-0 -0 0 0 
-0 -0 0 0 
-0 -0 0 0 
-0 -0 0 0 
-0 -0 0 0 
-0 -0 0 0 
-0 -0 0 0 
-0 -0 0 0 
-0 -0 0 0 
-0 -0 0 0 
-0 -0 0 0 
-0 -0 0 0 
-0 -0 0 0 
-0 -0 0 0 
-0 -0 0 0 
-0 -0 0 0 
-0 -0 0 0 
-0 -0 0 0 
-0 -0 0 0 
-0 -0 0 0 
-0 -0 0 0 
-0 -0 0 0 
-0 -0 0 0 
-0 -0 0 0 
-0 -0 0 0 
-0 -0 0 0 
-0 -0 0 0 
-0 -0 0 0 
-0 -0 0 0 
-0 -0 0 0 
-0 -0 0 0 
-0 -0 0 0 
-0 -0 0 0 
-0 -0 0 0 
-0 -0 0 0 
-0 -0 0 0 
-0 -0 0 0 
-0 -0 0 0 
-0 -0 0 0 
-0 -0 0 0 
-0 -0 0 0 
-0 -0 0 0 
-0 -0 0 0 
-0 -0 0 0 
-0 -0 0 0 
-0 -0 0 0 
-0 -0 0 0 
-0 -0 0 0 
-0 -0 0 0 
-0 -0 0 0 
-0 -0 0 0 
-0 -0 0 0 
-0 -0 0 0 
-0 -0 0 0 
-0 -0 0 0 
-0 -0 0 0 
-0 -0 0 0 
-0 -0 0 0 
-0 -0 0 0 
-0 -0 0 0 
-0 -0 0 0 
-0 -0 0 0 
-0 -0 0 0 
-0 -0 0 0 
-0 -0 0 0 
-0 -0 0 0 
-0 -0 0 0 
-0 -0 0 0 
-0 -0 0 0 
-0 -0 0 0 
-0 -0 0 0 
-0 -0 0 0 
-0 -0 0 0 
-0 -0 0 0 
-0 -0 0 0 
-0 -0 0 0 
-0 -0 0 0 
-0 -0 0 0 
-0 -0 0 0 
-0 -0 0 0 
-0 -0 0 0 
-0 -0 0 0 
-0 -0 0 0 
-0 -0 0 0 
-0 -0 0 0 
-0 -0 0 0 
-0 -0 0 0 
-0 -0 0 0 
-0 -0 0 0 
-0 -0 0 0 
-0 -0 0 0 
-0 -0 0 0 
-0 -0 0 0 
-0 -0 0 0 
-0 -0 0 0 
-0 -0 0 0 
-0 -0 0 0 
-0 -0 0 0 
-0 -0 0 0 
-0 -0 0 0 
-0 -0 0 0 
-0 -0 0 0 
-0 -0 0 0 
-0 -0 0 0 
-0 -0 0 0 
-0 -0 0 0 
0.00297348 -0 0.0208144 0.00297348 
-0 0.00297348 0.0118939 0.00297348 
-0.00297348 -0 0 0 
-0.0446023 -0.00594697 0.0356818 0.00297348 
-0.163542 0.00594697 0.0743371 0.0386553 
-0.26464 0.0832576 0.0773106 0 
-0.321136 0.12786 0.0683902 0 
-0.330057 0.145701 0.0416288 0 
-0.356818 0.160568 0.0446023 0 
-0.362765 0.163542 0.0327083 0 
-0.32411 0.163542 0 0 
-0.199223 0.160568 -0.00594697 0 
-0.0654167 0.163542 0.00892045 0 
-0.0208144 0.0386553 -0.00297348 -0.00594697 
-0.00892045 0.00594697 0 0.00594697 
-0 -0 0 0 
-0 -0 0 -0.00297348 
-0 -0 0 0 
-0 -0 0 0 
-0 -0 0 0 
-0 -0 0 0 
-0 -0 0 0 
-0.00594697 -0.0535227 0 0 
-0 -0.0535227 0 0.0208144 
-0 0.0951515 0 0 
-0 0.133807 0 0 
-0 0.154621 0 0 
-0 0.151648 0 0 
-0 0.145701 0 0 
-0 0.151648 0 0 
-0.00892045 0.151648 0 0 
-0.0118939 0.160568 0.00297348 0 
0.0267614 0.112992 0 0 
-0.0118939 0.0327083 0 0 
0.00594697 0.112992 -0.00297348 0 
-0.00594697 0.00297348 0.0267614 0.0148674 
-0.0148674 -0.00297348 -0.00297348 0 
-0 -0 0 0.00297348 
-0 0.00594697 0 0 
0.00297348 0.00594697 0 0 
-0 -0 0 0 
-0 -0 0 0 
-0 -0 0 0.00594697 
-0 -0 0.0118939 0.00594697 
-0 -0 0.0475758 0.0475758 
-0 -0 0.00594697 0.00297348 
-0.00297348 -0 0 0.00892045 
-0 -0 0.00297348 0 
-0 -0 0.0208144 0 
-0.0148674 0.00594697 0 0 
-0.00594697 -0.00594697 0.0237879 0.0327083 
-0.00297348 -0 0 -0.0148674 
-0 -0 0 0 
-0 0.00594697 -0.00297348 0 
-0 -0 0 0 
-0 -0 0 0 
-0 -0 0 0 
-0 -0 0 0 
-0 -0 0 0 
-0 -0 0 0 
-0 -0 0 0 
-0 -0 0 0 
-0 -0 0 0 
-0 -0 0 0 
-0 -0 0 0 
-0 -0 0 0 
-0 -0 0 0 
-0 -0 0 0 
-0 -0 0 0 
-0 -0 0 0 
-0 -0 0 0 
-0 -0 0 0 
-0 -0 0 0 
-0 -0 0 0 
-0 -0 0 0 
-0 -0 0 0 
-0 -0 0 0 
-0 -0 0 0 
-0 -0 0 0 
-0 -0 0 0 
-0 -0 0 0 
-0 -0 0 0 
-0 -0 0 0 
-0 -0 0 0 
-0 -0 0 0 
-0 -0 0 0 
-0 -0 0 0 
-0 -0 0 0 
-0 -0 0 0 
-0 -0 0 0 
-0 -0 0 0 
-0 -0 0 0 
-0 -0 0 0 
-0 -0 0 0 
-0 -0 0 0 
-0 -0 0 0 
-0 -0 0 0 
-0 -0 0 0 
-0 -0 0.00892045 0.0208144 
0.00594697 -0 0.0446023 0.0446023 
0.0178409 -0 0.0267614 0.0237879 
-0 -0 0.0118939 0.0118939 
-0 -0 0.0564962 0.0475758 
0.0356818 -0 0.0178409 0.00594697 
0.00297348 -0 0 -0.00594697 
-0 -0 0 0 
-0 -0 0 0 
-0 -0 0.00297348 0 
-0 -0 0 0 
-0 -0 0 0 
-0 -0 0 0 
-0 -0 0 0 
-0 -0 0 0 
-0 -0 0 0 
-0 -0 0 0 
-0 -0 0 0 
-0 -0 0 0 
-0 -0 0 0 
0.0208144 0.0356818 0 0 
0.0118939 0.0743371 0.00297348 0.00594697 
-0.00297348 -0.00297348 0 0 
-0 -0 0 0 
-0 -0 0 0 
-0 -0 0 0 
-0 -0 0 0 
-0 -0 0 0 
-0 -0 0 0 
-0 -0 0 0 
-0 -0 0 0 
-0 -0 0 0 
-0 -0 0 0 
-0 -0 0 0 
-0 -0 0 0 
-0 -0 0 0 
-0 -0 0 0 
-0 -0 0 0 
-0 -0 0 0 
-0 -0 0 0 
-0 -0 0 0 
-0 -0 0 0 
-0 -0 0 0 
-0 -0 0 0 
-0 -0 0 0 
-0 -0 0 0 
-0 -0 0 0 
-0 -0 0 0 
-0 -0 0 0 
-0 -0 0 0 
-0 -0 0 0 
-0 -0 0 0 
-0 -0 0 0 
-0 -0 0 0 
-0 -0 0 0 
-0 -0 0 0 
-0 -0 0 0 
-0 -0 0 0 
-0 -0 0 0 
-0 -0 0 0 
-0 -0 0 0 
-0 -0 0 0 
-0 -0 0 0 
-0 -0 0 0 
-0 -0 0 0 
-0 -0 0 0 
-0 -0 0 0 
-0 -0 0 0 
-0 -0 0 0 
-0 -0 0 0 
-0 -0 0 0 
-0 -0 0 0 
-0 -0 0 0 
-0 -0 0 0 
-0 -0 0 0 
-0 -0 0 0 
-0 -0 0 0 
-0 -0 0 0 
-0 -0 0 0 
-0 -0 0 0 
-0 -0 0 0 
-0 -0 0 0 
-0 -0 0 0 
-0 -0 0 0 
-0 -0 0 0 
-0 -0 0 0 
-0 -0 0 0 
-0 -0 0 0 
-0 -0 0 0 
-0 -0 0 0 
-0 -0 0 0 
-0 -0 0 0 
-0 -0 0 0 
-0 -0 0 0 
-0 -0 0 0 
-0 -0 0 0 
-0 -0 0 0 
-0 -0 0 0 
-0 -0 0 0 
-0 -0 0 0 
-0 -0 0 0 
-0 -0 0 0 
-0 -0 0 0 
-0 -0 0 0 
-0 -0 0 0 
-0 -0 0 0 
-0 -0 0 0 
-0 -0 0 0 
-0 -0 0 0 
-0 -0 0 0 
-0 -0 0 0 
-0 -0 0 0 
-0 -0 0 0 
-0 -0 0 0 
-0 -0 0 0 
-0 -0 0 0 
-0 -0 0 0 
-0 -0 0 0 
-0 -0 0 0 
-0 -0 0 0 
-0 -0 0 0 
-0 -0 0 0 
-0 -0 0 0 
-0 -0 0 0 
-0 -0 0 0 
-0 -0 0 0 
-0 -0 0 0 
-0 -0 0 0 
-0 -0 0 0 
-0 -0 0 0 
-0 -0 0 0 
-0 -0 0 0 
-0 -0 0 0 
-0 -0 0 0 
-0 -0 0 0 
-0 -0 0 0 
-0 -0 0 0 
-0 -0 0 0 
-0 -0 0 0 
-0 -0 0 0 
-0 -0 0 0 
-0 -0 0 0 
-0 -0 0 0 
-0 -0 0 0 
-0 -0 0 0 
-0 -0 0 0 
-0 -0 0 0 
-0 -0 0 0 
-0 -0 0 0 
-0 -0 0 0 
-0 -0 0 0 
-0 -0 0 0 
-0 -0 0 0 
-0 -0 0 0 
-0 -0 0 0 
-0 -0 0 0 
-0 -0 0 0 
-0 -0 0 0 
-0 -0 0 0 
-0 -0 0 0 
-0 -0 0 0 
-0 -0 0 0 
-0 -0 0 0 
-0 -0 0 0 
-0 -0 0 0 
-0 -0 0 0 
-0 -0 0 0 
-0 -0 0 0 
-0 -0 0 0 
-0 -0 0 0 
-0 -0 0 0 
-0 -0 0 0 
-0 -0 0 0 
-0 -0 0 0 
-0 -0 0 0 
-0 -0 0 0 
-0 -0 0 0 
-0 -0 0 0 
-0 -0 0 0 
-0 -0 0 0 
-0 -0 0 0 
-0 -0 0 0 
-0 -0 0 0 
-0 -0 0 0 
-0 -0 0 0 
-0 -0 0 0 
-0 -0 0 0 
-0 -0 0 0 
-0 -0 0 0 
-0 -0 0 0 
-0 -0 0 0 
-0 -0 0 0 
-0 -0 0 0 
-0 -0 0 0 
-0 -0 0 0 
-0 -0 0 0 
-0 -0 0 0 
-0 -0 0 0 
-0 -0 0 0 
-0 -0 0 0 
-0 -0 0 0 
-0 -0 0 0 
-0 -0 0 0 
-0 -0 0 0 
-0 -0 0 0 
-0 -0 0 0 
-0 -0 0 0 
-0 -0 0 0 
-0 -0 0 0 
-0 -0 0 0 
-0 -0 0 0 
-0 -0 0 0 
-0 -0 0 0 
-0 -0 0 0 
-0 -0 0 0 
-0 -0 0 0 
-0 -0 0 0 
-0 -0 0 0 
-0 -0 0 0 
-0 -0 0 0 
-0 -0 0 0 
-0 -0 0 0 
-0 -0 0 0 
-0 -0 0 0 
-0 -0 0 0 
-0 -0 0 0 
-0 -0 0 0 
-0 -0 0 0 
-0 -0 0 0 
-0 -0 0 0 
-0 -0 0 0 
-0 -0 0 0 
-0 -0 0 0 
-0 -0 0 0 
-0 -0 0 0 
-0 -0 0 0 
-0 -0 0 0 
-0 -0 0 0 
-0 -0 0 0 
-0 -0 0 0 
-0 -0 0 0 
-0 -0 0 0 
-0 -0 0 0 
-0 -0 0 0 
-0 -0 0 0 
-0 -0 0 0 
-0 -0 0 0 
-0 -0 0 0 
-0 -0 0 0 
-0 -0 0 0 
-0 -0 0 0 
-0 -0 0 0 
-0 -0 0 0 
-0 -0 0 0 
-0 -0 0 0 
-0 -0 0 0 
-0 -0 0 0 
-0 -0 0 0 
-0 -0 0 0 
-0 -0 0 0 
-0 -0 0 0 
-0 -0 0 0 
-0 -0 0 0 
-0 -0 0 0 
-0 -0 0 0 
-0 -0 0 0 
-0 -0 0 0 
-0 -0 0 0 
-0 -0 0 0 
-0 -0 0 0 
-0 -0 0 0 
-0 -0 0 0 
-0 -0 0 0 
-0 -0 0 0 
-0 -0 0 0 
-0 -0 0 0 
-0 -0 0 0 
-0 -0 0 0 
-0 -0 0 0 
-0 -0 0 0 
-0 -0 0 0 
-0 -0 0 0 
-0 -0 0 0 
-0 -0 0 0 
-0 -0 0 0 
-0 -0 0 0 
-0 -0 0 0 
-0 -0 0 0 
-0 -0 0 0 
-0 -0 0 0 
-0 -0 0 0 
-0 -0 0 0 
-0 -0 0 0 
-0 -0 0 0 
-0 -0 0 0 
-0 -0 0 0 
-0 -0 0 0 
-0 -0 0 0 
-0 -0 0 0 
-0 -0 0 0 
-0 -0 0 0 
-0 -0 0 0 
-0 -0 0 0 
-0 -0 0 0 
-0 -0 0 0 
-0 -0 0 0 
-0 -0 0 0 
-0 -0 0 0 
-0 -0 0 0 
-0 -0 0 0 
-0 -0 0 0 
-0 -0 0 0 
-0 -0 0 0 
-0 -0 0 0 
-0 -0 0 0 
-0 -0 0 0 
-0 -0 0 0 
-0 -0 0 0 
-0 -0 0 0 
-0 -0 0 0 
-0 -0 0 0 
-0 -0 0 0 
-0 -0 0 0 
-0 -0 0 0 
-0 -0 0 0 
-0 -0 0 0 
-0 -0 0 0 
-0 -0 0 0 
-0 -0 0 0 
-0 -0 0 0 
-0 -0 0 0 
-0 -0 0 0 
-0 -0 0 0 
-0 -0 0 0 
-0 -0 0 0 
-0 -0 0 0 
-0 -0 0 0 
-0 -0 0 0 
-0 -0 0 0 
-0 -0 0 0 
-0 -0 0 0 
-0 -0 0 0 
-0 -0 0 0 
-0 -0 0 0 
-0 -0 0 0 
-0 -0 0 0 
-0 -0 0 0 
-0 -0 0 0 
-0 -0 0 0 
-0 -0 0 0 
-0 -0 0 0 
-0 -0 0 0 
-0 -0 0 0 
-0 -0 0 0 
-0 -0 0 0 
-0 -0 0 0 
-0 -0 0 0 
-0 -0 0 0 
-0 -0 0 0 
-0 -0 0 0 
-0 -0 0 0 
-0 -0 0 0 
-0 -0 0 0 
-0 -0 0 0 
-0 -0 0 0 
-0 -0 0 0 
-0 -0 0 0 
-0 -0 0 0 
-0 -0 0 0 
-0 -0 0 0 
-0 -0 0 0 
-0 -0 0 0 
-0 -0 0 0 
-0 -0 0 0 
-0 -0 0 0 
-0 -0 0 0 
-0 -0 0 0 
-0 -0 0 0 
-0 -0 0 0 
-0 -0 0 0 
-0 -0 0 0 
-0 -0 0 0 
-0 -0 0 0 
-0 -0 0 0 
-0 -0 0 0 
-0 -0 0 0 
-0 -0 0 0 
-0 -0 0 0 
-0 -0 0 0 
-0 -0 0 0 
-0 -0 0 0 
-0 -0 0 0 
-0 -0 0 0 
-0 -0 0 0 
-0 -0 0 0 
-0 -0 0 0 
-0 -0 0 0 
-0 -0 0 0 
-0 -0 0 0 
-0 -0 0 0 
-0 -0 0 0 
-0 -0 0 0 
-0 -0 0 0 
-0 -0 0 0 
-0 -0 0 0 
-0 -0 0 0 
-0 -0 -0.00297348 0 
-0 -0 0 -0.00297348 
-0 -0 0 0 
-0 -0 0 0 
-0 -0 0 0 
-0 -0 0 0 
-0 -0 0 0 
-0 -0 0 0 
-0 -0 0 0 
-0 -0 0 0 
-0 -0 0 0 
-0 -0 0 0 
-0 -0 0 0 
-0 -0 0 0 
-0 -0 0 0 
-0 -0 0 0 
-0 -0 0 0 
-0 -0 0 0 
-0 -0 0 0 
-0 -0 0 0 
-0 -0 0 0 
-0 -0 0 0 
-0 -0 0 0 
-0 -0 0 0 
-0 -0 0 0 
-0 -0 0 0 
-0 -0 0 0 
-0 -0 0 0 
-0 -0 0 0 
-0 -0 0 0 
-0 -0 0 0 
-0 -0 0 0 
-0 -0 0 0 
-0 -0 0 0 
-0 -0 0 0 
-0 -0 0 0 
-0 -0 0 0 
-0 -0 0 0 
-0 -0 0 0 
-0 -0 0 0 
-0 -0 0 0 
-0 -0 0 0 
-0 -0 0 0 
-0 -0 0 0 
-0 -0 0 0 
-0 -0 0 0 
-0 -0 0 0 
-0 -0 0 0 
-0 -0 0 0 
-0 -0 0 0 
-0 -0 0 0 
-0 -0 0 0 
-0 -0 0 0 
-0 -0 0 0 
-0 -0 0 0 
-0 -0 0 0 
-0 -0 0 0 
-0 -0 0 0 
-0 -0 0 0 
-0 -0 0 0 
-0 -0 0 0 
-0 -0 0 0 
-0 -0 0 0 
-0 -0 0 0 
-0 -0 0 0 
-0 -0 0 0 
-0 -0 0 0 
-0 -0 0 0 
-0 -0 0 0 
-0 -0 0 0 
-0 -0 0 0 
-0 -0 0 0 
-0 -0 0 0 
-0 -0 0 0 
-0 -0 0 0 
-0 -0 0 0 
-0 -0 0 0 
-0 -0 0 0 
-0 -0 0 0 
-0 -0 0 0 
-0 -0 0 0 
-0 -0 0 0 
-0 -0 0 0 
-0 -0 0 0 
-0 -0 0 0 
-0 -0 0 0 
-0 -0 0 0 
-0 -0 0 0 
-0 -0 0 0 
-0 -0 0 0 
-0 -0 0 0 
-0 -0 0 0 
-0 -0 0 0 
-0 -0 0 0 
-0 -0 0 0 
-0 -0 0 0 
-0 -0 0 0 
-0 -0 0 0 
-0 -0 0 0 
-0 -0 0 0 
-0 -0 0 0 
-0 -0 0 0 
-0 -0 0 0 
-0 -0 0 0 
-0 -0 0 0 
-0 -0 0 0 
-0 -0 0 0 
-0 -0 0 0 
-0 -0 0 0 
-0 -0 0 0 
-0 -0 0 0 
-0 -0 0 0 
-0 -0 0 0 
-0 -0 0 0 
-0 -0 0 0 
-0 -0 0 0 
-0 -0 0 0 
-0 -0 0 0 
-0 -0 0 0 
-0 -0 0 0 
-0 -0 0 0 
-0 -0 0 0 
-0 -0 0 0 
-0 -0 0 0 
-0 -0 0 0 
-0 -0 0 0 
-0 -0 0 0 
-0 -0 0 0 
-0 -0 0 0 
-0 -0 0 0 
-0 -0 0 0 
-0 -0 0 0 
-0 -0 0 0 
-0 -0 0 0 
-0 -0 0 0 
-0 -0 0 0 
-0 -0 0 0 
-0 -0 0 0 
-0 -0 0 0 
-0 -0 0 0 
-0 -0 0 0 
-0 -0 0 0 
-0 -0 0 0 
-0 -0 0 0 
-0 -0 0 0 
-0 -0 0 0 
-0 -0 0 0 
-0 -0 0 0 
-0 -0 0 0 
-0 -0 0 0 
-0 -0 0 0 
-0 -0 0 0 
-0 -0 0 0 
-0 -0 0 0 
-0 -0 0 0 
-0 -0 0 0 
-0 -0 0 0 
-0 -0 0 0 
-0 -0 0 0 
-0 -0 0 0 
-0 -0 0 0 
-0 -0 0 0 
-0 -0 0 0 
-0 -0 0 0 
-0 -0 0 0 
-0 -0 0 0 
-0 -0 0 0 
-0 -0 0 0 
-0 -0 0 0 
-0 -0 0 0 
-0 -0 0 0 
-0 -0 0 0 
-0 -0 0 0 
-0 -0 0 0 
-0 -0 0 0 
-0 -0 0 0 
-0 -0 0 0 
-0 -0 0 0 
-0 -0 0 0 
-0 -0 0 0 
-0 -0 0 0 
-0 -0 0 0 
-0 -0 0 0 
-0 -0 0 0 
-0 -0 0 0 
-0 -0 0 0 
-0 -0 0 0 
-0 -0 0 0 
-0 -0 0 0 
-0 -0 0 0 
-0 -0 0 0 
-0 -0 0 0 
-0 -0 0 0 
-0 -0 0 0 
-0 -0 0 0 
-0 -0 0 0 
-0 -0 0 0 
-0 -0 0 0 
-0 -0 0 0 
-0 -0 0 0 
-0 -0 0 0 
-0 -0 0 0 
-0 -0 0 0 
-0 -0 0 0 
-0 -0 0 0 
-0 -0 0 0 
-0 -0 0 0 
-0 -0 0 0 
-0 -0 0 0 
-0 -0 0 0 
-0 -0 0 0 
-0 -0 0 0 
-0 -0 0 0 
-0 -0 0 0 
-0 -0 0 0 
-0 -0 0 0 
-0 -0 0 0 
-0 -0 0 0 
-0 -0 0 0 
-0 -0 0 0 
-0 -0 0 0 
-0 -0 0 0 
-0 -0 0 0 
-0 -0 0 0 
-0 -0 0 0 
